47350	76969	53692	84394	47518
92337	17316	16456	95965	55027
34027	29220	54530	7791	72191
83249	83956	14922	89704	28993
62196	19392	66219	42750	77819
31391	58796	12883	70738	57422
23166	62864	65308	67344	80185
60854	53724	4545	56239	42374
18704	62923	82632	578	71562
61006	67021	57744	6619	80113
33343	86435	24933	33184	36777
88100	30695	29005	59923	52499
80579	12556	41989	79349	23220
13862	984	43765	86948	96433
67294	90819	26322	98561	17499
95826	48926	2148	81151	87169
72472	14	12126	3585	2307
28884	60738	10591	37820	519
17645	47872	43675	7083	59841
97452	62908	50065	9665	7423
51611	58539	29701	89843	90460
72950	56226	17129	17603	41408
3621	79622	43483	48219	57342
9471	4177	60750	79677	36367
68345	8012	7099	69921	63113
90435	89588	18785	95709	47769
28583	57992	78980	95200	57059
29232	76364	21708	90032	91034
33596	48199	78594	18077	72993
92899	16221	76390	35061	98247
80003	25379	49312	21513	10903
36128	91449	81121	23221	43134
8415	41455	88047	83380	61766
58488	23909	53554	28845	73425
92864	5754	51514	98045	11207
44398	19284	91881	34818	40252
219	56321	15635	78871	86361
19294	99227	30166	26667	62439
52212	27802	49473	38356	39492
92407	85377	19063	7566	71903
74252	18705	30095	60967	63628
42329	33896	9620	17156	52406
73800	51659	4755	58629	42633
43588	86419	65121	86985	2993
69202	68904	54111	12091	60994
26438	4803	80980	80268	90074
95518	88187	85869	12940	93672
82093	35208	35419	4560	29682
15209	98837	17742	54226	98379
13558	62186	29050	56105	86836
30782	30209	49492	30148	92785
14249	61903	40360	52682	55563
97019	10754	15275	63770	86550
30880	10834	83930	64706	95097
51511	75877	73318	93389	76007
54626	55937	24923	47791	68908
67686	23224	82754	36457	8115
72364	954	18277	31635	92631
57656	89236	47847	14430	75929
76703	14195	47088	41706	60755
17563	63217	96270	56386	56493
53334	98350	51630	10109	94724
22832	492	43469	83419	2544
69503	20640	24327	86574	5090
61854	8307	75105	48185	14074
76531	13774	36666	25876	42753
27662	23519	320	95549	406
39876	32387	71137	1001	12594
51459	48665	9548	12027	79830
5821	35871	64868	22421	88623
47786	12658	33164	24319	58409
33879	88	42919	23400	92663
35397	45998	41475	58062	99707
27442	25109	59626	58335	85379
98824	15322	90452	29907	9069
10273	37552	36813	4305	19859
6995	37520	95233	5463	8966
11899	4844	19755	5994	94387
33161	23566	84055	76752	13202
41535	66900	32625	90815	17996
29449	76672	51358	34593	11944
16958	5070	64590	26373	32109
73762	50823	72399	66149	50338
38837	94856	87956	84651	41879
30500	41261	1055	27779	95059
71319	48054	64138	42703	69477
99587	57211	20230	82226	8689
88135	28829	90457	75335	44336
470	13192	74570	46708	65012
97328	3331	67494	677	40132
96611	48624	53255	38028	88616
51871	83864	31753	89413	60127
75017	17721	25732	30135	42795
34796	24230	75036	49440	63763
84980	85734	66616	47485	13424
40294	27329	20730	18688	92533
91591	7303	49684	18784	91343
59193	96189	10129	36857	46228
28521	65942	38511	44201	22111
60298	40890	81504	42066	83829
45115	66643	58961	28729	29224
78399	40848	41921	97304	54848
48066	83037	70230	67918	54419
43475	98894	91244	84193	38466
31200	85959	99957	6009	49858
58044	51316	4547	61894	13087
27562	41733	7155	19267	50837
25305	10858	82487	11382	18426
65345	44575	96668	40565	73017
74056	23558	25894	9856	67756
94497	35491	11300	39038	22478
99598	82427	30485	32532	14537
1552	12747	71996	12334	6256
88399	50836	29640	12889	622
85475	90526	25262	72374	28055
84211	72419	98084	52596	85184
86436	95838	24548	82298	50053
10684	48658	12793	96613	15603
36156	22292	63570	52678	11632
99076	86785	55971	886	44320
41113	47570	64307	20641	57399
41354	43908	31072	83333	96589
36345	46313	85978	30604	99076
23546	73755	37290	72378	80931
69668	16515	31562	5316	10205
78429	29243	88637	28510	50838
31928	82712	50178	83289	39042
35911	74091	51	38977	11251
58122	83312	70483	84642	99054
22518	73425	23069	14161	39541
18553	4254	46046	6846	79473
22687	50043	55326	75974	10892
97626	44257	85464	71057	24489
65404	77270	27485	26784	57548
38661	10508	96818	51617	30991
14776	97021	70718	57187	59095
39037	93206	98200	74779	61831
65006	66027	87142	89281	45783
90308	48453	45428	2356	28783
63046	60320	5327	41456	67279
85731	54319	39540	82616	84559
15538	31049	26469	35043	30432
14255	46054	5442	52699	43246
80997	54612	13332	57221	85148
75577	12779	31111	64438	10968
90657	91870	69990	65116	88869
86398	36805	17811	57077	48736
55072	49438	29805	78446	63172
50477	5284	23880	88872	57142
88887	48794	79994	58374	97939
40215	26810	2578	72569	26959
8860	82006	63325	82546	24749
93798	88276	68905	31181	83837
25777	69974	64102	86577	74901
80845	47127	74070	47655	74374
32321	34262	67493	73624	62557
22289	89679	11088	93564	56101
63812	45813	45894	85670	92522
25849	82576	17054	7710	39246
77780	73425	11635	79265	94249
10479	82052	82469	5174	87623
32215	85327	72291	13317	18902
44455	7031	84965	2475	58773
20799	52328	22014	92015	37485
94164	65021	71245	78514	77882
65882	79503	7024	24829	73720
4676	99643	41623	46661	1295
45396	98835	46199	82031	38314
55696	68494	14092	31407	61961
81675	72057	6457	69818	22211
76329	5986	40408	87181	34927
10671	69050	89904	34183	37268
22203	80581	45087	76896	92434
29344	64363	36527	67792	87419
22782	72210	40903	97820	3809
46318	13461	96383	66902	2390
90452	84071	70697	26863	33052
34723	84427	54772	54038	36165
67182	19484	15466	75257	64860
37925	83688	65283	38746	27780
66565	65513	67985	36601	3740
15634	68338	1122	87471	13349
76405	28408	83633	90082	88620
6738	65523	94988	23804	92506
58743	27081	33320	61626	76719
23382	77424	36898	81078	26522
5513	49653	12461	44455	77209
52901	45576	87389	13580	25095
42277	50018	86720	25342	78516
48689	15983	46885	13583	42229
48790	35212	33947	30528	27884
75294	30195	93769	63060	3818
78359	89923	42851	89088	43601
94218	70580	31816	75578	83449
93773	85657	65917	48584	21525
32827	28378	36729	13237	99310
33568	36304	92111	30269	92504
81851	62257	27185	35912	6496
96746	68596	15617	61485	16642
17713	86228	32346	88117	9930
53526	23669	17171	41949	49404
25378	27450	23609	37941	32170
81104	30508	45803	45261	66907
92114	64085	79039	82999	76469
43747	12285	12026	26336	78130
20083	94611	63256	90002	18380
9418	7592	83551	83670	5793
84837	63562	68880	34569	25056
69079	3460	62865	70610	22128
80416	94515	96716	29976	95542
16061	9322	92874	51610	13205
66545	17861	78957	71457	58962
59974	75360	37045	12589	13981
29652	44928	38603	76558	609
7260	99281	91720	92685	21341
35079	1812	36513	53056	94565
22984	20518	1537	26400	93913
84180	49809	43505	28042	43102
20819	65578	58608	17737	85605
23554	12141	28766	16228	71965
63098	86224	84964	53627	67630
99653	14710	71066	38213	30232
18178	87288	91843	71031	19181
61340	84602	64372	90847	21163
47861	89146	90370	84278	92784
11949	11052	34108	61808	47115
99044	72099	80069	3464	17640
83811	31144	40948	35653	35455
98636	43759	29053	35205	83392
44388	65059	3830	48274	12540
23054	45944	2150	85400	73270
63686	9099	63916	49132	81223
24647	3445	87726	41808	92866
20720	98178	3946	69683	33063
37114	25888	10144	35950	46411
25852	83479	99276	80537	5085
85544	76057	65231	71108	48479
12778	67395	43784	74153	82385
82292	9375	42029	92528	12843
10167	98472	20317	45227	77624
13018	32191	59482	6044	10064
14627	85589	12121	52677	96674
87277	59428	65014	46219	5567
59779	27406	9848	43429	78120
39426	5963	95163	98742	55748
9876	95460	60989	49431	75317
60789	59984	59128	86131	42914
8445	95327	77288	46380	65177
11976	53185	76390	71948	17835
72129	68577	39698	85825	64100
11712	45747	33548	18212	97514
79285	82066	31900	86204	78469
8769	68045	12443	85643	36650
81564	78707	55769	15969	75196
7268	21530	44741	2652	24356
26365	26594	94596	29133	25696
12065	33556	11502	82585	24366
69471	68785	64805	28889	49387
55694	25253	55681	8168	55456
44267	74860	58321	65666	77229
6505	66044	27878	95268	74385
22315	14278	73938	78185	25516
42750	4079	64353	61441	56436
64585	54606	26424	3236	94544
52815	20174	6814	94198	81264
94223	6056	86080	45560	17629
67738	23438	74901	40308	36129
51223	5684	68803	7232	62995
98375	836	70674	13774	15990
85211	17402	31120	66986	87977
41401	83520	78098	99012	51829
18208	62818	68339	88764	20550
71628	58950	65181	23521	90514
90445	17002	80214	1936	29867
86497	24204	6431	22286	72091
46398	58880	9029	99241	51350
88235	34261	44944	38031	63454
65277	30325	46858	48744	26750
67189	98902	27670	21961	77058
48954	25957	42895	86286	14180
40170	1757	84723	17095	21124
61381	20832	51552	37102	63580
40436	28033	95937	84726	37347
69574	71390	34614	52271	9078
55758	25491	9866	76535	43160
43905	15131	8628	14447	72035
76675	56084	97978	31473	54893
9447	31508	66810	94485	59745
67649	1257	3947	24445	3083
91788	34486	72794	72518	12992
92647	68575	10970	62394	7281
379	65034	20565	40010	56441
97063	34805	54903	47028	91275
29650	62144	14487	23968	64897
51372	66756	10009	65447	28172
18762	69772	2486	10301	79231
46863	3795	39708	15618	72313
72286	80632	53523	89194	57890
30108	69905	87276	99797	72303
51340	21424	14457	12178	88110
80019	31672	45832	79689	67227
577	21856	59214	91198	43608
64899	56462	39950	36894	16162
19376	43122	73793	73204	2681
9556	79742	20369	42649	11451
86914	3760	55326	81217	34480
12882	58769	8239	9112	22369
49673	71972	75528	19574	78479
19700	66074	21978	98016	65698
75215	36945	19872	64918	56588
56543	49565	35327	5980	1897
83700	642	74439	32463	51295
17047	82762	40676	26105	96696
58982	63955	28654	31372	34428
6895	15444	37172	70160	78122
85484	38594	21971	21625	50884
20959	68019	71643	84710	16771
45635	86522	40303	6107	20501
52231	83011	15420	73449	86056
44614	27900	32315	94726	24354
37102	91014	6006	65503	66010
72168	94561	79325	38860	18573
18472	4763	5383	16193	33483
94663	54605	92074	42210	61708
52366	22802	52580	4492	5199
39019	72119	3493	5313	54988
92130	93221	41014	24902	4544
94350	53945	50651	9929	53412
53769	84735	99636	66990	53159
97155	69329	53113	584	32732
62809	76563	40717	64252	49502
43114	28105	15449	87166	21417
3301	41784	13520	58526	77760
21038	80281	81299	21173	35547
51320	11929	88591	61500	15935
72038	4393	75995	31459	23093
30429	31184	75477	18015	53295
65968	8127	3368	65125	55547
15761	55287	5099	39287	2562
5761	10148	74441	24151	44339
90743	8236	76538	3282	97658
54032	21032	84951	96917	38053
58573	69231	86630	364	39767
54833	73119	4930	59535	10672
94065	79335	52147	52884	49544
4412	50770	69802	35784	45768
25695	97936	10068	81872	8743
70477	21358	84504	59918	16644
60018	88038	27634	6706	74534
51700	51976	14616	42746	38385
14204	41081	699	1347	93842
916	25735	22138	74271	66515
11475	68835	50956	86008	46260
69108	65689	52874	98337	15359
58907	61770	45945	70227	22078
64356	97294	12784	65417	54973
73929	49139	52166	25023	58244
83	40566	62064	50000	53059
40521	37091	24920	3258	44805
44542	19021	26479	38730	37984
2478	4675	74568	38978	15277
8675	43519	65691	92191	99437
93183	30297	21201	10703	41417
87888	59050	49438	68084	43444
30844	30769	96336	65616	91730
63585	94013	83343	15387	69398
10979	60463	87245	11273	20797
76248	44179	49301	78036	4222
2220	785	92612	28351	53782
60731	23607	86247	62220	52318
76086	1702	62197	2933	90103
34442	35566	27665	708	76914
64862	29109	90074	41734	78792
92546	86891	85198	83162	50401
51744	49835	4862	35833	72441
72240	98877	29889	54023	17885
61820	48794	34171	26481	93119
47805	54318	29257	70351	2847
11844	93689	86070	90693	46432
76588	37641	36951	91764	25943
44903	40795	46542	47774	29816
93462	65077	54432	2016	27195
73277	55800	17495	15922	69505
5172	47827	138	47046	39385
13294	70763	50347	82239	3981
18781	87679	23415	91410	15005
23257	76517	80149	72485	99859
26544	46150	62636	62261	15594
60548	3985	63217	22574	91659
43606	66158	92254	90461	32881
6156	78336	7812	44873	99114
44523	25474	27150	99209	3849
45473	51105	2970	19946	65941
34847	86847	94635	85804	6763
5323	92022	80677	93230	65418
15111	61597	82914	82062	81069
25786	19722	56305	63478	37349
98433	44996	16703	8546	66789
49072	27868	82911	81008	11816
6218	20143	77832	78815	71332
14003	90346	18138	75009	8601
4533	12097	52140	26752	20342
39844	27948	11557	61563	46349
78297	77923	11279	83186	73103
46338	86395	64831	24570	27475
70590	8349	53484	67961	2299
57454	33332	89983	35437	92386
39242	41224	64969	30095	54540
44441	51984	9819	45691	77512
27364	1165	92101	19286	3191
64775	42431	98341	34862	27232
88290	19008	13426	13065	66349
13112	64426	41927	9968	88539
90288	46766	61395	78240	91993
34342	59018	36233	35984	36032
82449	15675	73207	20933	53760
98015	3550	58604	51154	17533
3410	57758	26875	12142	96606
25215	64140	63947	81349	29481
14584	86853	19172	77558	89106
49364	27841	73362	23888	20077
18248	31994	3503	92957	9176
29036	41611	58490	79304	5284
59859	19688	75624	22302	73664
51433	957	88	1528	24309
49966	15275	92792	56880	6584
86300	44576	51935	95638	32934
31793	61689	90256	29276	94983
11219	50354	19219	51649	57216
99449	71300	94610	18319	11007
92086	62290	46178	10771	88617
33069	88237	24895	1530	57066
11999	92294	23917	85429	50521
60991	57082	29646	20258	56503
61791	46579	64984	54931	90443
76299	21923	69681	81079	17327
24023	59741	39414	78393	55000
52931	71713	39955	53552	89602
53744	13328	26462	79495	57231
35340	54846	47752	28866	97223
9835	22178	29962	75044	17971
87362	38595	10620	14365	35119
70982	67675	41540	20881	10553
53250	63915	61540	48606	92412
21732	35693	93325	7983	5277
19250	37639	80089	5870	57508
95191	4867	95118	11487	83770
24075	81555	62901	14589	88986
80396	27925	86504	9896	78499
57225	25870	86354	35557	60724
7298	89989	74385	59396	49439
79625	51025	37830	45031	95887
44742	73262	2629	48354	56964
86593	51624	44750	33472	9818
64542	17188	36934	10434	58429
17922	21416	54633	83051	1319
47835	94421	88142	69882	99673
60288	90576	59464	81838	9236
43742	85539	15286	25082	42141
79657	73792	63412	52922	7015
46049	87954	36290	62027	44616
96681	49354	77406	71784	69562
31945	97407	8750	90119	87797
3270	43353	38047	73218	26439
49949	60691	46894	38800	73240
53150	10473	57311	60063	83152
70579	93665	17786	80811	73752
5594	4485	92713	32516	53743
46854	43558	95638	82974	22774
1649	45856	67497	43204	53391
19302	44276	97799	31734	33823
78333	98979	43192	17733	34904
70294	23210	6072	6568	62852
70685	78269	3415	20605	91856
48363	33667	22301	48802	22112
39243	71235	73101	10808	65692
81784	82789	82547	61467	72606
90104	55085	89600	38481	14328
29675	72365	16148	65166	3557
82174	39886	23134	49592	39656
17818	31251	70361	58335	58390
16062	49301	34043	43643	47899
12369	10271	97153	98765	74425
86803	96534	34663	35333	80609
31035	41502	43556	96620	47081
44902	37611	11380	16535	26364
4834	1359	31097	72661	27470
40146	53517	92767	16418	14095
57530	517	83186	73440	9228
97013	22091	44704	36622	97364
56320	10126	35441	26676	36023
71057	60549	53174	78390	2915
12145	47339	61820	55297	70300
29876	42749	12182	1381	51249
74035	48542	66562	16577	53220
26812	72341	37485	62161	7811
46324	51266	13958	7591	15370
9715	79859	20247	56966	65003
44996	87560	86258	92776	61917
34577	89732	40281	66254	47804
46247	6607	96010	16806	68469
17163	49001	95057	64317	67278
53383	230	79679	1461	87048
774	64629	34021	80444	98026
50741	73335	34314	36098	83361
95019	88347	89320	29415	12723
23861	52552	43024	52853	25285
82210	64401	23107	38435	14764
93822	56872	96854	58903	20153
33654	64978	10576	25745	51987
55369	77285	47982	9129	60812
80286	34303	18378	93077	28236
70894	90443	2090	30838	52003
88194	66865	31690	95003	3603
4203	24749	42455	303	95961
68028	23728	35154	79667	56919
56567	17481	35669	46303	58024
85099	52663	87098	50105	98184
55727	69562	54112	59031	64602
5737	32041	21908	6903	33690
53428	3940	85569	13468	26167
53612	26257	15647	81659	23817
34666	68653	5223	23835	21318
50265	75282	58087	13107	22432
52563	82500	29034	48290	98138
73457	46778	67938	70087	77911
81837	79716	31423	81491	58834
68925	25416	7933	7504	79532
70766	15736	79653	99093	70993
99161	21047	35067	16831	19516
22543	62287	40773	39542	57929
38824	12441	33059	35866	57427
8950	38389	38011	23034	80305
79585	77852	40485	70845	74432
52512	84579	52735	26434	50872
89624	77270	91109	32474	78334
69801	12421	4797	83357	4493
31806	80565	93860	27733	69144
87058	65827	13246	9445	74361
4940	58512	73593	61998	10557
49928	9268	32048	54334	26846
38800	7900	65088	50414	43205
23287	28670	6927	65648	61949
29307	33107	25787	12585	42127
98548	6860	24230	58298	99777
67945	33532	7917	14235	7842
14356	30322	45470	1141	26910
75243	63325	86972	48525	79622
36230	38498	74077	14358	5770
38329	2154	15349	72287	25767
46485	79536	13026	22210	42885
94852	56971	60169	98081	78852
22123	94509	25820	94203	30691
36516	3153	14203	74039	99400
24648	54468	36011	70252	7512
37611	28181	26356	449	64448
60695	57470	32697	23145	57016
71825	69821	79707	9664	9045
90620	48346	91725	91283	32733
60614	65945	9976	58245	83320
4641	58359	50829	73306	52385
24802	75564	16374	94760	12643
89702	66166	56531	52684	7711
94220	16860	84395	69799	31915
99786	24933	54324	73414	69205
12650	1043	15722	74133	916
58483	47274	87633	21446	9514
84660	41289	88021	26922	34959
68594	57448	62223	93442	72406
47118	88096	87930	27678	58041
3640	89065	45901	96962	30457
82994	29302	65349	50776	410
4470	84769	11181	19905	92634
6171	34126	75223	60419	91024
52009	82441	74540	71345	15175
95417	11553	79976	31754	22914
57379	33071	23429	74342	26922
73937	76715	31869	63078	34081
17913	1809	53383	3765	16439
11942	59029	96071	96559	2793
4921	79346	35423	69936	14132
42456	96934	59358	71910	18332
804	80608	51507	7866	6051
2291	86837	47267	87465	98543
6548	20206	64914	58863	9446
8231	79483	30229	18808	36493
3385	88506	11241	4265	93056
45906	96460	19848	32289	7083
41140	61439	52312	30243	20743
61327	49621	84591	54872	8232
66172	76702	77213	69615	9405
76527	70730	38936	4292	40923
80058	24060	51180	1588	87087
71269	21213	5935	15524	86461
48156	86360	96641	67461	49132
37172	86384	65638	28909	26342
42794	84535	60758	91864	63722
35609	9932	9878	7695	62766
59695	48523	88928	62505	32519
89547	69268	15987	80368	40694
37354	93326	65964	62019	90144
49509	15423	19338	83748	55486
72012	6285	24906	75995	47178
60980	18938	63773	50805	6445
55957	49388	54483	37714	24977
57158	54464	7345	19469	56922
94249	85070	36898	97649	26511
76091	60528	73868	23461	75889
67022	59291	78128	33388	4210
1346	48083	9814	51614	15755
74467	4400	71521	75321	9806
67805	12043	89528	15212	41852
35447	77474	89039	11557	31835
59973	69972	57434	94459	40249
54396	55272	57987	40213	71573
6668	90382	23447	71157	81340
6661	56925	99909	69223	32065
20735	83512	66783	75465	50227
50316	78731	48801	62747	34177
1778	27560	5510	58158	94808
72560	81199	71386	79532	82668
26673	29384	71234	16674	26884
78527	21952	83895	84571	6818
95712	89671	18822	56778	4730
81753	20805	33356	89950	84770
45338	11660	3254	28847	17464
37791	39555	70939	4719	78817
41351	50691	71388	63982	46053
45572	34736	49258	81375	61759
28237	70006	57974	22892	39198
29801	82127	89652	55175	79688
58722	1348	11648	27390	63485
17505	85262	61963	36733	46739
39685	4292	28136	49902	95427
27761	18855	2219	42197	76757
46559	12062	61832	81583	45832
5371	58183	60578	78800	33913
16601	92208	9569	49421	74270
21037	20259	42567	19572	86746
27726	39996	74603	48671	62422
71637	18741	55628	5910	77197
71107	58466	55231	46037	3479
95716	40801	49841	95313	72850
86076	9577	27020	98286	57805
55805	2720	5437	82883	2367
78348	59447	97086	46704	60706
39892	60305	62001	14061	17084
35857	65974	91838	65423	41312
8729	36578	57439	35510	96623
15150	40256	53993	54554	58223
81554	9340	221	74901	55885
78492	10391	21121	13114	22715
89947	13804	88105	21018	41816
18383	27807	3607	30152	40187
52621	37431	60566	88381	55721
45298	77785	59361	80443	4030
57264	31190	90368	32296	81117
33722	69938	59589	84931	38727
56963	55275	31251	94857	65410
50453	36648	68765	36449	71067
99736	13979	45639	10796	2064
29017	45768	86286	18186	6417
12301	19222	8104	42218	72177
8623	94785	13683	26793	36884
82708	10228	6740	1333	73036
23099	37539	42191	28601	65454
20492	53579	32089	32481	52922
73737	91737	69739	36470	40039
20281	53396	24252	73757	31081
4233	78452	60167	23662	12708
73555	70219	57269	82524	19749
57550	38069	67937	36137	5846
38829	92447	21323	68211	34090
98881	89417	69172	15177	53992
2804	10591	92086	90616	72293
89088	81176	27759	12299	48079
5868	31837	56769	81289	98571
75710	70184	48353	1155	42459
46613	75330	19862	23840	82135
86382	98832	253	99682	50663
52296	15952	51533	23021	36334
1934	4074	23225	54291	79949
69506	11514	15673	92283	86423
46570	26422	94113	40339	10119
96852	45008	88796	52066	80062
2259	46862	82587	35905	67591
22329	87503	4011	23215	90171
67291	23961	4985	88111	31905
54318	38926	31218	85797	74992
78484	71930	21824	98701	59809
81543	22923	88211	18878	95841
77660	85645	91866	14272	92172
3328	28329	37674	16732	2437
50677	42733	21271	33500	93364
66769	99109	75906	52272	47671
53279	61168	53242	77994	15146
89741	23634	83931	75484	47791
76958	83625	13018	54106	41285
27339	83398	87933	57270	47818
75422	49226	27896	14273	98580
88629	83183	57774	17103	91496
53845	57206	51278	97404	23973
24468	37170	63663	11959	73521
14431	13471	49113	89603	39293
80406	41774	63794	52214	45117
29704	53907	79428	67176	85994
95151	24683	51911	50979	80581
14673	25150	27377	42536	85939
89030	2344	18363	86010	69093
64735	6108	85322	22582	27732
95141	6663	11796	87918	52420
71915	65062	31743	95322	84946
99199	97685	65931	94538	64371
58422	50641	908	97437	33377
70854	99746	42762	27273	21756
95806	14859	96659	31781	32160
62333	72292	40429	33625	14506
16079	31676	5394	59493	91280
49229	90523	35232	3960	57612
42257	10348	11203	55473	28048
5973	16361	81709	97287	13441
97281	8466	60410	84915	5212
79166	38832	55406	62494	11040
69050	76780	6786	80948	32404
99772	67214	64397	87955	50856
32637	56727	84038	11017	16396
21930	15824	82548	25741	68256
21478	49615	65419	87254	56198
7235	48032	54831	88062	35015
82508	97733	53292	19768	88786
25281	57893	34030	75198	12636
94869	8638	16607	93146	85505
86861	45914	24300	25152	55875
1261	1820	84929	59820	94112
31468	98183	2438	66634	13390
81837	15288	61300	25656	65693
71128	14979	72912	91807	70054
20131	2055	87763	9945	98288
806	33428	35642	81879	43559
96031	70774	28406	31797	59520
94015	50685	21109	54611	48499
31069	45640	16374	10435	97957
8364	74108	1771	26249	11797
84653	86604	83464	78332	50545
2525	14402	9316	77661	48549
24895	85618	44760	35259	66800
394	26294	38434	57848	33341
93152	64864	37404	45530	48418
57522	84040	27808	20061	6909
15296	34545	56406	8340	4623
85168	43396	66587	14818	45868
89500	84367	80118	50616	98953
31098	80029	90380	51967	42859
67592	85148	48862	52806	10375
30017	8537	56883	81204	35751
7404	1707	13368	28743	75437
86052	14742	51932	1407	46584
6167	67372	61432	4107	45269
11530	18213	78113	68142	68923
15926	70903	48583	33180	1431
25964	42704	68078	75964	34963
56579	42817	38363	9116	16520
11640	82461	44079	28774	91434
1105	73691	40959	65348	50861
34039	90046	22883	71134	61503
92285	47396	82412	7422	42749
53882	71039	80040	55207	82913
84909	78988	62515	98314	75964
7338	25962	82229	89322	26234
9142	51872	51236	54949	33877
93865	68321	42098	63183	50302
16385	35909	26436	53384	26839
26342	27106	59344	77314	3738
60642	24120	37675	33168	30558
44692	87814	75308	47793	43364
41262	8662	88798	64555	41549
93603	14016	93966	49260	96052
14526	34196	8122	25330	49104
80263	87117	47990	13880	92771
92614	88017	91292	19380	18014
44471	75371	61053	8577	20433
40765	11220	67047	568	18021
88560	13538	99431	24140	10839
2331	72466	26248	33481	13157
71514	93605	62494	44576	34992
17476	48692	99072	22027	52198
16664	18810	45384	53303	80876
86418	46928	62168	93012	47610
14482	50663	35754	65315	64360
3514	95858	37523	93725	14541
57813	87887	42469	66490	18233
12826	53348	68524	57286	44412
81592	42074	63572	19263	3836
41589	34143	23304	49917	93730
60938	63835	6934	90450	50617
24000	50826	88982	14931	23323
68502	49627	59752	27716	68480
70599	52112	87337	91642	55634
74512	90288	7082	66138	80466
97262	97631	4409	29887	79
55712	58831	42352	78161	16013
47172	74246	46593	39942	89155
48982	48415	10166	97597	63838
15363	4713	27462	65341	2869
93720	60299	13171	15679	49167
81720	4602	58952	65024	79058
9906	16908	49009	92115	89894
17571	55930	34356	13779	27430
84099	68832	1144	61264	23169
46565	11753	33402	30665	63340
48079	23767	49527	86054	23195
70733	99684	72185	37872	16493
78948	88349	68200	69608	2841
24747	37426	89611	99567	56924
93621	14595	79787	86689	36994
62426	82735	25663	464	56412
22649	37615	28377	30368	95071
72394	93689	51031	80293	84926
57425	20815	25403	15016	4724
18204	93402	63335	55333	77213
56946	45455	21793	52758	7676
14927	28110	69642	3232	90842
29708	75067	23813	87526	58715
30513	30572	8222	83360	68767
65302	339	40114	63545	40345
53102	56921	37958	13436	63342
81163	7657	13430	58531	45217
69346	56853	15036	9109	84881
3958	55486	16653	9437	78940
18942	19620	25971	90537	76463
38547	55636	8422	2971	11567
12970	60674	90748	76154	3453
32575	46402	61741	22603	59589
29183	11873	48731	47085	99738
65926	79388	34735	19829	78334
89211	25219	5887	42030	88950
10083	24924	52260	92371	16391
45829	76472	75787	96369	50324
18225	36741	77083	71569	18268
89315	69787	2535	90152	95563
46595	10643	17230	36273	89894
42989	31856	55467	11523	38189
33805	40982	92	33533	36403
84052	9188	1219	78495	2653
20982	19400	9506	17859	81030
15605	28952	74979	38080	51902
59995	38881	64628	48126	96575
20349	58291	46871	50869	75448
38358	31621	38376	15624	85785
1739	96100	2380	12117	16435
30703	60586	64750	36125	95681
42150	79432	73706	32393	92782
20853	49837	76352	8241	81465
61774	71148	33240	66922	75429
82509	65156	52553	88193	1127
67178	38133	63047	48974	84155
16207	2686	88542	79581	22931
9949	61324	69542	23296	67618
24126	17927	72553	76457	71777
24455	31918	70809	18461	14043
46523	52405	42094	17892	52879
28224	39255	9148	96991	66250
17378	69083	35664	49945	93222
96866	87004	88375	69973	18263
71467	10578	9204	56012	9134
36726	80601	71744	23332	41650
99721	20748	73762	74543	44612
51399	1146	90498	38685	33188
22624	92274	47518	71633	85039
70852	72926	19939	58718	4645
36848	44590	97360	14709	4509
40405	31679	87871	5594	86938
49106	39284	67131	23330	91476
40428	22312	42210	89948	15535
88605	549	8821	30388	85594
43388	6272	21313	32290	27173
17076	20627	3422	2349	49527
7087	42085	57998	45262	67281
1862	85153	90395	23644	74861
12567	73773	85340	88860	46184
78606	27458	56567	80451	45369
50899	92441	43457	23433	70317
55786	39522	6714	32421	39990
7364	53725	11375	12135	62575
64788	74262	52223	85576	34898
88647	1065	9671	61018	25391
39575	59959	4919	67945	43429
7569	15271	57683	38018	92429
45607	58939	31900	10494	66146
93092	49958	37834	35407	95209
21738	70552	33114	27531	11354
56706	62890	71328	43924	75812
70526	1933	9382	22540	95103
65536	6470	84930	35343	48410
43741	71226	67819	22777	84188
783	19281	67684	72936	50195
64635	85426	35518	88592	15164
41808	40647	62841	36967	6433
5123	40861	97494	68032	21031
50797	43837	81424	77892	3003
82646	45320	11069	53310	32555
83177	89114	5328	23533	8307
23436	33857	22788	57558	62504
79164	55056	17692	45591	39848
4654	72218	21351	87363	32486
94211	73586	26014	51255	75575
74588	68335	16629	94029	26972
48226	19709	51998	33689	95193
281	83717	28238	58914	24963
88997	87865	45399	26880	62351
61387	71915	24728	94506	41819
17055	53538	57872	54504	54930
50015	62856	58122	94319	79903
27263	6557	38408	3688	59666
498	60724	11599	96190	2979
64388	58389	86219	74679	62009
8144	91973	44969	35850	86832
84620	1717	43229	43893	22589
12506	95888	99569	63992	71331
72282	21691	22993	81671	98369
24207	26596	44882	20892	7025
64132	19870	6316	8724	29581
84350	7354	42789	13922	828
99119	27211	23952	46720	67419
71546	39965	25749	39204	44991
97227	33461	66536	53268	52556
4942	52663	64815	73872	44092
23905	88786	36755	22542	87033
23655	63588	20904	48635	90422
3786	32111	3064	98891	94955
75464	77047	73668	88311	41624
92996	78921	25255	60683	40564
6634	86848	49892	65937	38655
42278	62230	25211	84372	52012
57736	56588	32746	56049	90079
39918	73447	73058	10393	43821
85114	51312	16910	76822	18553
76540	65332	41658	13294	12516
85320	41012	33028	42217	70621
95429	43178	70969	4934	41518
598	13345	22634	92077	15687
36764	78306	27992	22643	42414
49746	49644	65428	13663	80597
39091	84318	13356	64014	98073
69745	43990	9348	57061	18279
78061	96904	32360	6539	5558
93264	73995	23893	98556	99031
9582	74269	70224	37577	87366
29012	29523	14006	31218	15900
79202	80707	87586	56359	46497
81818	34853	63975	16856	46417
34772	98992	3917	905	76263
64750	21829	85320	69231	80707
96718	51031	74210	15039	79770
85323	71313	981	82647	79032
41617	77889	28953	2895	79717
85139	12544	66024	9655	52423
73464	55543	11228	77607	41769
19232	98899	95178	67452	23130
65111	35809	16648	90014	5817
91554	87237	51740	26269	1871
7848	44442	73350	5501	78451
43393	99630	49651	74607	89784
52065	55309	45222	15051	23668
9270	70074	17770	43607	63240
71096	42727	69845	2987	69247
97717	97723	42963	87811	97847
30501	5970	93269	11176	70782
32887	7879	85909	96182	69273
59274	26698	31714	64373	89301
98210	30904	17171	86488	38421
23883	87583	66134	82637	70348
82724	56580	23213	35091	10124
20581	76136	29146	54552	42032
41654	1273	21258	43783	8479
88392	72535	98646	49332	29644
95752	18248	65811	9616	86163
5060	68845	57678	46535	97296
18524	91302	70254	2595	25900
53702	41645	83035	23266	44874
59738	31109	52596	91979	36986
79878	80547	67370	55389	89190
95588	39299	66628	86261	18197
34418	43705	96818	75331	42982
58894	86266	80491	88690	89719
29390	12067	67757	7337	18744
71638	47535	68072	48301	33450
20399	51023	25803	33206	88834
13345	60491	39630	59572	42295
65352	12356	73628	66316	39831
43693	13038	989	5334	14814
38379	8105	77941	36487	52186
89853	88894	85210	49975	20899
83462	44198	55975	71412	40973
35142	27629	60335	61412	93572
44221	5576	79233	50920	26039
52959	55839	74662	52364	92743
99126	73463	79451	63333	67816
36228	93914	88314	21600	18986
96737	14987	83997	50898	27574
83172	13477	64419	4619	33714
23424	86207	89606	25108	61997
73885	35987	85802	30566	3393
95541	95000	89656	33172	42081
87200	80499	11234	59360	67461
31797	72199	40973	44214	17308
4507	68924	74170	63355	29316
69054	52676	32882	69111	85686
40525	23131	91191	16295	59592
36598	4884	16762	83757	24210
17313	98232	79950	6221	78673
74013	35316	23558	6846	2605
86134	50913	6888	90891	94495
39134	20145	96257	6034	69922
85850	29106	88536	99197	37134
43169	96860	26338	44505	15914
45980	51469	53185	72202	20498
14923	47326	45624	57436	42195
62754	30426	84065	72769	84427
71348	75880	2307	96752	925
87944	97324	74389	68484	47087
98555	84190	39564	86940	88121
88800	88581	92698	63409	55093
99597	80793	97973	90260	62071
69361	47340	8542	24250	67029
43660	54393	64262	27043	61527
58529	44698	35280	98914	21115
90089	75449	83135	11597	37970
48988	25476	13456	52375	41200
90214	58144	96151	37983	40712
13152	43399	73287	18713	80842
7075	582	59481	82660	32218
63134	1607	92121	91151	27251
90859	22739	80054	34307	4625
19082	38895	599	45791	87711
44263	41060	39599	6882	5982
11117	39404	35591	90620	29697
78668	90094	55984	5820	12057
38715	80331	21832	21974	4277
42514	5	13244	92151	469
60950	45880	4930	66058	54901
55825	30529	4208	98429	60340
86090	8668	67520	73044	28158
26667	15219	12340	61610	2265
23722	29447	39851	37066	36628
44789	69024	78615	11234	11546
6582	25161	59998	12340	80713
23820	79853	1911	14259	20002
42476	90252	99123	46793	50121
32521	82187	2410	1106	62590
5154	74290	27262	72282	1219
32968	638	38474	58680	15858
3242	85198	89341	58526	52444
34533	36852	12368	93869	66986
68323	98876	68538	29747	26294
9322	61109	5587	1498	14477
94811	89794	3126	85997	11274
61976	73309	81686	91459	73545
42117	75317	43895	75170	15203
74367	56279	73221	95318	78734
26278	20862	94932	72519	34326
75360	23859	23362	97868	544
24145	52288	32407	38413	74336
54612	99071	77481	63184	7333
24379	93844	94313	80235	44059
44577	65508	97816	92449	3579
55534	63897	29675	80324	22040
32242	21351	95419	28504	29987
57639	4750	91003	44949	40591
40370	75847	18767	96820	51304
8671	39090	18764	68106	56596
16434	41105	4572	43905	73294
6091	85142	94422	92011	98792
89716	97973	97707	27452	76081
2479	26132	18408	31512	31751
92628	57495	42890	23195	39058
51710	42981	27065	27110	70637
83148	94544	55426	81663	24380
27537	54525	5682	57903	60285
18544	82300	63014	85056	8572
41446	79195	8958	78515	61209
4326	82514	59614	81184	87103
66333	66263	11292	97773	430
5482	37817	34597	30661	90244
83422	46188	16294	23314	32722
90252	86935	96590	19160	69476
99500	32118	29265	93267	59586
2100	89931	76648	59116	37974
42087	75938	41911	19145	70479
48751	5532	98903	75573	54817
33999	2804	38604	34348	11834
63178	12492	94613	71449	28100
48940	44899	94633	88048	2557
24374	48559	80292	70017	22137
71017	55924	85492	5832	50390
44147	88456	60501	67488	57467
10416	19980	35546	12025	81155
19633	25814	95605	50764	80792
87546	56828	16764	79712	33439
98132	65015	48517	27682	34108
65825	15897	41625	77256	11062
74080	65923	24267	97476	36441
67462	12407	81079	12083	7131
74541	22229	12474	57739	69853
29759	28365	92090	16559	68695
95895	66906	52163	1236	4394
40301	27331	81874	47411	75385
18688	43584	29908	85705	61044
56753	33264	45148	80609	73564
50341	1241	37435	61307	41638
46788	20841	62943	97223	46265
30736	30271	69092	83848	75562
49437	31333	68000	4932	56925
86313	24947	12643	66639	18526
77460	79092	6875	57203	57810
30013	21741	94352	43025	68641
99001	90403	7933	72583	19730
46829	1240	61320	95969	24584
76497	32885	77447	42621	95652
15043	88337	91888	93423	47352
45329	52819	51690	47841	3464
15323	93536	61366	10094	81042
64191	69195	5093	13965	16627
56273	70012	53128	37583	49817
46818	38137	40742	56219	71940
76012	3154	97761	41013	89415
70470	95483	60490	6901	90057
47088	47298	20827	45466	73968
99751	19067	86861	17548	98011
19205	81210	94881	15574	43619
24948	8782	8773	55177	81352
55224	645	10239	32331	71175
8728	33447	24582	76327	57430
99357	29760	3948	57317	28660
84486	90194	11462	47071	89055
28651	4847	19632	53560	38321
5454	18431	95339	57127	79702
64326	83529	72246	70657	88114
93136	48632	92437	92816	29292
82738	15941	91418	83682	34065
63053	23398	60529	27682	75761
77105	71532	77500	43285	14219
18461	33328	10193	32666	1463
20868	71902	19778	34345	14698
20753	19279	76829	82762	20237
68061	24096	47450	24831	74716
9183	6844	28315	40044	98380
9055	63299	75864	21038	15299
8779	40657	83771	26832	42209
29681	23821	37958	40539	57006
95133	91947	27765	25888	92156
69568	80842	56251	76343	99480
40839	99668	9818	57014	9119
70502	8329	56725	32237	3154
58891	36150	55197	5246	27121
89380	92680	88242	10998	92884
70799	30251	5801	54109	18130
2683	61734	15805	88198	80316
50056	37097	9261	21980	50480
8159	5934	3753	44825	24663
37063	54139	61361	97477	3988
6596	41235	21757	79103	5475
36213	99835	31818	64034	32615
96034	14097	43873	72182	79988
29772	73841	14131	12045	39111
38241	67062	44626	80465	95846
7909	9653	98172	79508	18870
3141	78837	97629	61530	32657
4474	34600	85230	84359	25685
83673	51769	15443	33829	10595
85009	23522	26948	97958	33752
75401	82390	9383	19276	48693
10206	94262	62534	83181	52669
20584	5755	19314	62552	39546
23132	14234	33926	39076	76776
55855	64509	860	93840	40405
25185	47535	52710	98232	61041
68069	62344	95153	66816	25690
94653	76388	26706	93566	17779
97922	31540	94123	16290	29549
12361	69523	7225	77839	61133
40260	68332	81853	92304	7929
86321	98483	21702	61749	96847
93377	39728	34439	26317	12384
28277	5939	18048	46242	9616
33689	93393	12053	12884	60933
5393	14095	14103	25181	6458
10371	47293	81987	60386	58737
48386	32868	95721	53388	1351
13914	52640	88149	80519	163
51192	24263	56903	30131	71863
98654	18156	3611	36866	4240
68823	11212	24115	25811	50611
39430	46566	69847	48633	68519
5703	28627	40000	56092	77311
64076	4147	48198	88993	9956
54322	46370	83281	12446	98576
5871	44430	78871	34384	74969
33869	25407	92547	20215	94436
71998	77213	67669	59820	34537
7110	51316	89621	18996	17163
93392	47016	36732	28672	19664
85518	43831	47512	72668	35971
98742	51392	19792	73286	30197
93756	58559	86665	98706	39127
43257	22244	66588	10030	76025
5074	32667	18339	64676	99095
62181	72078	75612	21810	47792
11809	83747	42571	69279	7096
9351	27651	25488	52371	60882
36492	73994	88414	74553	99867
97666	83822	3209	72810	85358
64543	71715	58337	71106	82800
16220	58282	54355	11034	94295
84274	84130	73091	98531	86288
80137	9872	85396	28899	88778
48651	52973	2157	60566	62955
8535	83893	27677	41893	38014
99797	34804	15342	58630	23175
58253	3147	59301	20946	4744
65969	66902	98656	54700	43007
31051	53761	12250	94127	98545
86532	50410	51660	66320	30947
34199	61645	10939	98933	67425
71722	72274	6096	25335	71476
50050	1336	56966	38557	74003
73278	99368	75204	89927	25571
13856	31875	35601	24534	14164
76845	95684	52741	91659	23689
32835	53807	66071	30137	92040
43859	19590	82043	9323	17818
99673	86180	60023	54273	92437
40085	40060	59132	44749	31891
96042	99321	71356	95957	43813
84151	49324	27994	64804	96573
80242	5259	14107	96223	51642
80902	69852	63478	56951	6651
86866	84375	17333	98618	14720
99420	93609	27629	50920	39455
43402	47548	20082	70708	97375
54076	70131	20849	81405	38944
46560	19733	50906	144	32136
65427	11727	63873	38433	42218
13906	75586	80116	45409	99928
22945	75217	16203	52770	63019
66794	88512	30446	11129	64246
70219	10871	355	24171	56416
36618	42706	91471	63823	94487
29878	89784	5355	91764	2731
86598	7604	17327	14574	30151
43323	5423	85441	77715	47673
97965	33005	62822	6198	4760
33596	86341	79797	41710	85454
96772	70685	24860	34988	12353
15505	71259	65066	90274	22790
12568	33392	65716	941	74598
53223	29662	90651	34378	70458
9466	12405	45745	22504	50063
42478	65059	90999	86828	58944
3038	70125	5808	42499	292
42091	47543	17190	52785	61038
65372	14432	40485	42167	4779
13134	33721	96088	40174	76942
59003	47817	72269	67350	16225
53353	51826	53279	32315	98872
8325	32886	70468	75102	41454
89543	17895	22254	1652	42469
13061	15486	50571	22867	13490
39718	73298	22551	55321	80311
62116	46786	45147	45298	14285
16675	87115	102	86077	1236
21099	41728	72439	76334	20448
56727	68642	65448	9058	74363
70503	4363	1985	5927	56435
22350	41381	38238	59178	13455
44258	68901	56475	72571	28912
24982	88507	42870	78491	76489
45415	67689	67941	11128	57157
84032	40641	26306	81964	75081
22516	9307	38279	6957	64931
749	96969	14364	51090	11164
7974	52784	22145	76571	99679
2614	45518	52191	9656	98482
22543	47226	14319	89422	4898
67521	29229	34084	86705	1217
42756	137	32737	76965	75297
56751	80377	54794	6192	38200
61241	9406	98407	92810	52886
68771	33765	76314	69671	92860
75261	49588	91047	20253	62276
61155	19603	31101	16530	27490
34080	98642	71762	12138	11693
16621	38149	61176	95552	79298
82697	1251	59438	1362	30815
97967	97321	84418	83423	78051
17407	71689	29918	82996	92271
2914	42444	97319	59022	92496
36845	43604	3592	37095	43724
95661	87343	32519	38905	77131
32145	34350	51223	85280	10709
21093	83506	26031	72961	56246
28011	19601	85727	96051	93044
2095	53178	39116	66783	89211
56552	5354	3116	27293	66304
91169	29890	99698	31039	83376
15975	23949	74966	85989	13781
65754	67311	60206	53536	20897
73754	20676	69004	47789	88103
63523	14371	8517	99944	39989
66201	87079	11085	72607	92099
20072	64667	28188	17627	11013
17360	18112	59247	52594	23063
82850	25155	36666	58204	11495
16141	38463	10797	27186	48722
26135	51411	95142	31324	20191
41966	58881	35478	85829	7204
94498	67996	2605	52980	94893
92900	29652	44109	56921	26445
43643	31719	20663	65175	77339
3355	64452	54498	16749	49605
70450	5068	46566	11505	3504
85904	78180	22833	83867	11524
31316	98189	22870	3800	15073
1166	69643	8073	95408	91564
50449	77458	1145	6865	42904
81704	50470	54895	69035	65820
89042	97560	82267	30655	44554
6971	98273	58579	43974	51852
55005	85594	77348	25350	94724
76848	87819	24369	71099	76681
85462	24337	30730	69307	1515
82855	33883	25511	43445	2653
64100	64975	44635	23313	5560
39505	94758	21486	75125	44887
26933	67761	41397	3971	75938
28965	1995	87597	60249	38599
84162	16514	2786	37543	76635
82886	78782	48713	39766	87823
35634	98628	34122	57636	6321
53830	56860	67598	66047	77847
51036	59178	27390	648	85764
87932	78062	42391	38777	16157
83936	27335	21928	75344	4683
60392	99009	1029	30767	33709
55936	78679	37224	3379	10388
24271	34146	27456	73584	86437
33365	11731	23513	75070	39032
61543	54699	22202	2648	45081
57085	23538	81639	66659	18710
47843	77927	5878	75190	81639
39256	20013	20392	28145	56257
25346	45699	38624	55411	35364
16420	26673	12189	88447	47467
58921	79895	5450	147	2982
57488	18253	15653	67306	62177
98173	40333	50143	41286	58628
21672	97110	20306	25653	54604
6310	32344	76892	52460	96982
77940	93209	64093	10226	64253
15240	10930	72801	42662	34629
11218	7419	9642	68557	15914
92006	74938	74142	94741	39076
65084	64771	13301	21975	94552
87326	95548	36447	67590	18053
666	20380	23206	74953	99973
95647	94732	36874	63734	8961
75466	14077	21054	54573	75847
4031	64605	47890	96792	51737
37552	86605	36181	72355	86476
44131	80002	96588	96066	99598
42039	77097	32681	30396	59865
67810	80827	66749	94933	96506
60949	90593	42078	32000	56076
59783	96030	27877	4663	67322
25247	30599	95295	9851	78581
13036	6762	79774	43269	77758
54468	96728	18259	53061	86656
10685	11991	63205	50931	72041
25109	95414	57027	98680	70971
46432	73476	55938	65244	40862
85165	2677	30117	36679	88403
88891	46039	68984	14860	65293
50784	98492	20026	72544	90292
12626	36300	57722	57522	43220
46502	19108	87376	41904	41576
96752	25987	9355	17444	94022
23549	60303	84142	23503	88854
91228	96443	73653	92796	81022
57899	1711	52134	67503	57996
70242	72458	31213	36860	44243
45071	29532	89765	85562	26133
73353	98148	35241	43717	63116
69296	45146	66050	97731	24298
95515	10392	30774	61669	43664
89561	21734	91989	92992	94001
44871	25365	56385	8779	24867
64884	58006	55988	28425	14857
67686	85806	26723	781	3874
66487	97890	35148	32507	22916
12921	27596	73574	46590	24888
69135	29127	95659	6957	59997
47836	24722	94768	39463	68352
3181	59916	78277	59286	53457
30823	71631	2069	67448	62797
2661	53042	64304	14205	60813
6490	77311	21165	26729	90700
95217	19421	361	86849	55361
80490	71892	58711	65318	89805
94510	97799	14042	89772	45922
30291	5568	90632	61567	51767
37802	58172	89939	7923	17096
10111	95900	72356	54202	23921
89598	67309	56566	49997	18279
61319	60557	91963	94313	94295
5260	43231	5831	16654	90559
38491	64778	18561	27118	71885
75304	30425	56068	16482	85172
7074	32292	51330	91485	1690
84	8291	6773	53300	95184
63632	383	24802	29625	79785
33480	66670	66264	77479	26237
15800	67261	40570	49992	56948
10572	94053	44456	94684	14548
98733	96740	60880	34079	93727
21749	85385	68634	74	31657
2315	18724	63601	34904	64737
95901	20900	82719	24106	77182
15205	31064	88698	89266	19905
10656	4430	36421	25876	97572
98335	30634	87324	46681	83333
57231	92796	92796	67057	71426
11868	5323	28302	1141	8339
15995	51732	63875	7143	57875
22704	43395	66966	93358	767
78064	59390	68664	51613	26805
87066	85201	9594	99016	73748
83039	68765	61597	8668	55143
12733	16247	48788	29904	62615
22504	49155	55780	84353	93662
60773	70176	68678	41219	90404
17204	45383	35795	89743	34172
29061	85975	71207	98330	54500
5749	69374	32776	38986	25605
82297	26114	96299	34209	22891
91710	12604	6060	58224	16055
46970	26426	89545	83315	28777
13959	62654	76909	64620	46670
59007	39009	4431	78278	6720
38002	93379	35181	7092	25371
54590	29618	95166	97481	83454
34891	37117	93517	33758	79596
43825	80595	49890	47561	37727
86733	24199	71336	57545	5326
93914	25184	17637	15339	59347
2049	44674	93647	32030	74466
47795	73602	38526	97280	33475
25358	3934	82199	61081	91753
49735	56349	41340	54645	5634
86787	73949	90837	2571	33084
6976	28944	90371	53110	3649
5386	58364	79195	15887	24382
11207	83921	630	43895	2649
376	10418	32942	70883	67512
79265	94153	84154	72797	45616
90144	12736	21640	21644	38571
12596	67666	41305	12083	95754
55592	57478	69792	65899	1792
48424	96204	90166	86353	17402
75512	37327	37167	38558	49873
44127	19871	93941	50316	18423
96601	97632	55916	65850	54837
26357	15917	95003	88885	28957
81604	53590	40821	73538	39781
31874	78802	92557	37473	46764
99819	93131	18711	92815	27232
44844	95214	47290	90394	53836
15243	86165	98435	44748	36668
53579	81799	86501	37208	43662
34695	44349	75506	391	17192
26477	73765	22586	85588	14510
89575	12339	51648	14794	72330
42994	93179	82537	65300	31230
31887	78562	648	69724	63078
19230	62499	28693	51031	75686
90798	94976	96574	84862	74585
73235	6651	3995	57490	45500
5635	52353	51564	64753	63166
30362	81015	25236	88120	51749
75831	76970	13951	78434	41961
69778	56918	29338	87296	75863
37112	64911	45952	78192	82593
19928	51091	79412	56144	60942
10941	71945	92728	10377	30471
54767	40700	54022	81437	15691
70103	70218	74762	97930	4429
43581	85755	42434	99720	68249
84095	55261	73471	97055	44480
30218	70864	55359	98062	32686
72876	5856	44336	58759	57911
42055	71160	462	60692	98276
79626	20610	5417	90551	49808
9607	4073	48203	75034	69555
35322	15416	12529	79488	76435
75010	14190	76319	76917	89767
45910	31830	5776	61748	22926
48607	49131	20268	59820	70694
10992	97267	81241	45586	27223
15972	31448	42405	40960	71883
33767	16735	1742	53900	14763
32256	10292	57595	20105	99711
99393	6559	96299	57761	21298
58365	1952	48061	91302	85726
15704	53388	8929	63087	26694
68217	26646	43805	66734	88103
1851	56698	23629	18562	27755
73857	27128	95467	4098	14074
9946	68566	23371	46352	46882
78879	73528	33615	40663	64848
18370	80540	41608	11475	14600
87863	45808	75445	91943	84028
60525	85849	88655	93362	32990
34127	93568	94330	31441	79419
2548	16451	15970	34716	68002
21481	50520	42454	5593	79682
2390	64291	53412	60714	32912
57868	32632	93977	6205	79259
1781	65719	98223	30473	53193
6633	45684	60129	99824	74575
13634	24195	22555	86825	51254
81674	45921	12251	6846	31954
21017	39826	24276	45485	23230
30177	88543	57298	86946	31953
10102	77177	31124	47380	708
25872	55354	59699	4934	74739
61611	45017	26362	21125	10863
84182	14368	4729	76857	74254
59818	64382	51691	73363	61890
75248	58426	72603	45371	20015
66259	5297	3843	33793	86691
64984	26751	66107	79321	48190
96196	1171	75583	87161	75822
43852	54112	76981	5973	20677
60498	34077	67283	73564	99666
19687	24708	79877	88692	25301
60711	11078	69127	13224	4673
27040	58874	98132	78061	1717
69888	44480	59134	92514	46679
13934	11207	38338	46967	92484
10432	53104	64814	10541	60564
23340	44112	61226	84600	19809
52116	5918	31358	82294	13320
89312	82034	13244	7247	5738
115	34818	5244	73103	24164
36503	29514	55059	90454	54257
47869	3864	19906	21552	55811
62471	91039	62090	87139	71162
47721	63518	39768	10197	43177
25824	78081	42973	98243	56856
38639	81064	67073	48547	19244
94251	17481	28144	60535	59246
54536	52806	33063	21835	66086
57443	91724	40895	98362	40281
64127	70227	66452	70929	97614
43854	82195	6630	69669	78006
74986	78628	91655	92157	33253
24821	61167	12115	81298	64948
44281	5524	76183	87889	6150
39436	948	48413	56501	64675
2711	18723	84306	85283	15874
33713	32067	45477	87623	21895
43764	308	63649	28538	26375
88731	78032	47058	13629	56290
89759	16781	74394	1589	36120
3219	93940	84928	66286	62724
49049	99336	78894	12575	54045
67721	70941	88996	54128	76637
90189	43466	69992	37764	3371
58707	67185	88008	73897	7475
35732	16312	34313	5476	971
8680	8679	95755	50499	76160
67498	95319	34233	27033	91147
50315	14982	32636	62537	5162
30772	23195	21504	10766	79564
88722	34249	48172	24014	35282
13172	62945	77871	79037	86431
9613	49001	70852	22717	95003
26635	48876	88073	71551	34093
87335	89784	15967	91249	62395
83583	16820	45862	38865	39574
29945	36304	49882	61714	4447
61842	93198	23177	37998	78525
68975	26104	12440	40258	12013
56633	55794	37920	69081	76783
76950	61605	17695	65069	71006
27796	3137	24937	15176	6719
42098	25079	7812	25271	51873
38266	78826	29445	36139	84640
58808	63231	79068	19461	73966
79002	53550	59552	23674	5983
86310	91659	87621	87759	62216
33802	98318	50777	55059	60068
24254	74007	44518	85117	88695
95833	32380	32491	85877	36401
15462	98488	48156	16107	81565
69223	78355	29478	89956	93962
91140	69418	65773	61675	20757
86107	72041	67864	59885	11294
47877	14475	41173	52870	30642
39766	36105	54407	78557	30949
11612	84820	82542	4649	66062
71227	75871	50725	14550	23492
65476	54794	5596	16726	83522
42868	68553	42655	65512	1529
63582	99612	36670	56428	86709
71396	9263	57051	82412	88037
16315	30867	73524	1550	57779
55153	67465	69775	50671	19096
98126	94124	23206	5675	11663
83223	5353	2292	65748	87079
15989	77985	43010	34124	95272
65474	19215	33459	12399	61384
44596	63925	57696	86133	94913
12207	42222	49537	84937	7962
32103	3737	90637	25036	9337
78836	30054	94439	25476	99426
51670	40577	68710	8926	72632
41747	89777	42794	6245	78217
16092	29687	29536	48077	32907
10091	45555	5431	16813	38371
53425	89190	96251	55564	41837
79388	44871	62930	83378	45697
48777	75442	10266	63979	45983
38990	10068	2359	19753	51615
98125	57359	21646	57870	21986
27376	8143	27016	57624	75157
93981	55623	78648	53581	99703
69359	84663	62782	78624	17425
20466	34360	88574	68646	57196
79939	82273	25888	37120	41507
82060	13701	11636	87409	98700
73166	65211	95179	42580	65571
68726	54120	86552	50355	89623
95463	90465	21951	25373	40713
49185	14063	61449	40940	22019
35917	99210	62020	23454	88948
57524	46883	52442	96503	60904
75488	14155	76991	32007	1843
9240	271	97035	12816	33038
65749	28891	22169	35926	98552
65028	40141	9606	77003	50079
55483	75065	11299	64022	25383
91913	99019	20693	22872	60905
78832	2773	24457	19735	12745
6399	28012	29393	45902	26453
63935	87396	13192	89128	9906
31464	14549	74785	18544	15007
12027	13501	17159	98650	64814
36390	3901	26870	29081	88650
24330	30185	51395	57716	59254
81682	63490	89781	43158	42626
77470	45690	74026	65021	91509
17639	97779	77179	7943	31778
45762	37319	29800	37360	23086
27183	24848	30550	42556	71207
11669	8026	74718	70966	62631
27038	83089	34562	56068	58401
39236	89363	78800	94075	62820
25814	66728	89434	4353	52920
8867	7939	30202	8739	40153
24102	69982	88105	14268	25190
64390	39395	25964	96215	54622
22500	44473	24038	77062	36563
2931	43857	71629	78845	50976
59303	95967	44238	79898	92786
55756	92449	75016	477	44795
61307	80747	89761	83780	77298
80764	12552	52905	10957	83507
2896	68706	11716	96617	25898
81843	79346	49261	17194	84516
68534	74524	44395	40380	38942
28499	19855	96703	70015	9358
93153	90109	75966	25018	56128
42989	14442	14847	17976	1703
31461	59340	24817	31241	67417
97182	87364	98053	36798	49780
40096	63891	75301	37423	44788
95681	3785	18544	80615	29275
92883	93094	10406	52238	63735
51773	11518	50479	74051	40296
56334	60787	52588	61340	2673
68732	51900	37021	7852	28176
95156	3192	25154	99726	32774
51415	76230	7643	76429	81371
32203	62106	64777	15941	81808
73024	73060	73559	11397	27639
22277	87797	73131	91800	74614
79528	89176	75117	88781	12675
76075	97613	15414	94716	29027
28854	40013	62637	84324	88983
54739	85250	96927	59372	94006
32753	57349	65370	11288	87322
65885	15822	66807	79457	28194
61392	20735	59973	60466	96051
73031	7802	65829	22805	64308
57426	73849	62698	59952	37762
21738	71706	84454	56104	83891
27120	61358	86520	25194	21881
43484	17922	7532	35536	48826
27186	43302	25205	91796	8030
36057	85174	15153	92006	99450
93536	56658	14473	71751	59161
80622	14830	33282	69628	56356
37603	19771	16962	52030	86946
84486	99162	35102	31256	87771
58322	20118	92862	31575	960
37857	96519	38456	81543	60737
4926	11541	38836	3094	17659
45400	14814	44401	5170	2494
68976	23724	57702	93037	70251
27951	47788	17232	93289	3628
36049	30982	43073	9327	19753
45206	40425	88424	90908	879
46917	31817	98138	49572	29025
9557	94203	14287	33036	89062
52107	41195	8189	43320	58706
43678	6132	89556	67135	58432
30351	2285	43958	83632	95264
20180	45308	31159	48680	34950
80610	3378	18394	28607	34032
15076	56237	30500	60542	13694
45839	70475	30602	46514	70686
68573	33031	36783	34127	89018
68687	57930	61741	71964	59197
98069	23788	65438	34040	68129
61955	78854	36273	9358	66887
96128	87940	90730	79357	66294
4727	77758	86076	43055	12967
22910	12738	57787	11652	9903
18866	16859	19565	62314	66523
81498	99149	49087	95632	21268
98307	45462	45806	20223	38345
78457	27174	79190	42544	15177
36247	23933	93231	27809	27700
24995	9544	6867	14140	57425
63469	74038	49387	15563	69079
34171	80717	98736	35637	1352
6578	89161	53706	30689	16938
25946	28506	21321	40050	81109
75592	79686	84634	93296	213
21184	12916	51172	63260	46702
49060	96533	15282	42180	25644
83011	26362	23224	40276	49805
59487	11838	58696	86434	85553
45923	49901	37146	48298	65543
56844	83904	25697	3007	94263
34495	7987	88086	16363	73529
59406	82732	81705	24360	49340
76230	30785	82784	17796	78857
76162	13591	16065	93378	26050
88127	87602	54281	8235	74522
54169	1304	74881	81866	47148
25751	45368	8604	27528	23315
41254	53802	35611	43700	86710
82950	96257	65400	59707	33422
5382	7566	93499	40082	56918
71853	34279	19256	88650	2640
94682	8292	74175	62538	34482
23617	80111	52676	9560	91571
816	3667	11485	44774	10099
73920	73531	59530	89040	91719
23325	98453	37058	48060	95524
53645	16285	20683	8619	20673
77377	21214	96926	49314	6862
12737	19873	15137	96898	35269
2822	58506	97949	90684	80801
26167	3919	84888	37400	92823
89361	41469	61499	78531	33836
95096	45418	74344	66390	21455
90621	25950	64578	45331	24954
57376	93999	13285	25661	32264
23797	26367	34009	43277	66216
5368	90976	33927	74713	3846
27215	95255	65600	68085	7717
54005	57917	73037	79428	89949
23036	30217	15408	20010	277
2862	41098	56110	18759	37777
90200	12434	39245	64075	66183
57515	2640	51564	89021	3865
35515	50298	29805	92130	15834
92653	35476	854	61821	18484
46949	77882	1333	30043	44016
82464	53737	10423	68535	67161
56036	36264	60646	19733	93359
88409	21075	82756	20652	79441
75145	6501	33569	15716	15288
29589	62809	31102	19233	68075
5676	89926	52618	63997	66120
86265	49834	87082	85435	20046
17676	89529	58694	85929	9901
9809	89871	70915	70106	84777
26534	69872	26964	81279	52018
3478	44833	64730	27898	65148
42477	64963	71546	79746	87282
55993	55606	51459	88421	94890
69427	56453	33511	38764	73876
12750	84924	74894	30643	72952
72488	1461	87494	89436	235
19861	92182	90562	28089	16123
19136	34599	67673	4389	57948
81733	61713	96906	52621	73431
59137	22905	77974	76754	36819
25195	34806	50340	93427	46686
27449	49975	38129	44223	60764
54379	48244	19093	62379	14904
93991	6018	19506	20351	85640
36252	66109	35889	50030	82513
64772	13315	56447	84490	91289
60152	9362	90607	89260	86452
95791	34823	61269	84789	26082
89967	32941	52679	47825	96280
69471	10388	7196	80108	63444
388	19373	68399	4794	33488
63288	35600	26319	70202	39620
23135	71861	2222	71068	92923
35304	75425	85017	14569	8074
69448	51596	98502	29492	3052
83781	40103	67309	6053	83078
16976	73881	26929	47828	74059
463	72185	94300	91106	90638
74951	24286	69021	31672	48420
29192	19335	45017	32502	40585
72728	23948	99030	36293	22485
57832	95457	16752	98232	53772
88964	20569	13009	25076	23743
56714	98090	9189	4527	74212
21527	45624	32947	85151	70008
85386	68251	76599	70523	16477
27528	64242	31920	82796	27940
46489	66522	18101	68	23191
29878	66014	14485	50988	97339
2643	87651	69776	85725	36620
92647	23773	85994	33174	49720
85892	23957	37655	97964	77763
9166	92774	5062	67034	47603
60127	71918	87478	24018	62126
84132	79135	49721	7720	71019
24506	37043	673	26711	71106
84488	48496	88747	3541	74192
43640	45887	81194	77964	1305
13497	30394	86925	79600	98485
59780	89073	74279	40975	13447
47398	89336	31461	20341	75350
78677	244	93816	57530	86852
15571	10051	3022	83957	12698
76153	93365	87633	64899	41008
65219	91593	31109	56278	82616
21740	66961	44928	87837	68858
54547	50286	1920	52379	47058
27026	28797	26142	74731	75612
86059	25846	39689	58117	64807
21159	94707	95349	19083	62398
68660	60805	58000	31762	55315
91813	10101	77473	3816	21922
89711	55860	59622	26551	80795
96793	54504	16728	39908	71866
88860	54181	53569	13718	62698
93797	2158	33679	23241	90688
9898	80338	27439	61074	48989
39593	12173	78477	9136	16213
63787	69646	90106	16601	93961
35240	19710	24406	1733	5999
54591	76904	65126	95009	37214
18723	38822	74818	69467	76430
6266	32230	5980	77798	48261
96874	70556	31848	32706	71396
96359	61679	73480	54709	5635
15808	99008	39791	85709	24226
20110	89944	71349	8076	13735
47531	15577	67180	19467	50792
21151	71255	25692	46663	10882
60515	60341	41798	80543	94447
80565	58755	36591	89269	92206
8701	99683	33105	12154	97621
41612	39170	99980	84516	4967
11539	30189	10597	81447	56510
31229	27229	21679	56402	11885
71513	56637	95778	86140	87429
24118	49089	80107	66690	98937
31679	7063	19436	81319	90539
62659	44062	45649	58541	73655
7260	73682	91818	53463	73341
11170	9806	28471	39890	27335
33031	26048	81431	43673	46237
95033	10428	96503	52779	14751
77699	15597	11729	76900	3366
56534	48712	96685	42858	38820
67742	80336	40617	12347	88989
78957	67526	69254	77044	17837
26218	51047	74799	99648	28527
75051	88829	59844	23889	96743
7374	96297	62124	17565	82101
4055	79376	16885	83557	61423
87448	17441	56927	2862	20584
38248	48832	69686	56275	54689
66235	82851	90597	94876	29921
88992	90064	89188	71154	81740
80758	1858	3382	77564	83779
17891	7914	60842	76479	57411
12955	86067	95514	13283	67834
12471	51213	65359	71679	59832
1623	1430	9489	99785	70290
40878	45181	88728	31353	76905
13059	49772	25847	46971	21420
25715	59999	28996	67127	51494
44287	29693	99801	98366	60731
74199	38974	80411	83769	97653
97864	57293	65502	6936	60775
89812	45420	89769	32523	89456
69034	24202	3546	77909	35136
22129	27638	52952	92410	450
87863	8176	27476	86816	55974
65298	44643	35503	86126	49860
24544	52273	74826	87872	61319
23068	22177	61389	79966	35009
3023	41596	58358	20842	98775
60703	61996	15470	88607	64374
97134	91759	6731	63243	48018
14472	74089	33485	38713	13539
83374	33168	90469	89446	2890
59917	17908	63253	46798	30846
37385	80688	80234	99176	74972
27322	85669	95341	61939	36003
27408	73521	29825	34437	49982
5685	24865	83240	50736	65920
97222	47809	83740	25118	41400
15105	28806	94127	66308	90558
35436	32532	15877	78002	58966
27117	53069	11023	36460	25958
66013	56068	83402	20439	70835
19465	46009	25813	80154	12714
90621	71889	4953	87560	19386
92859	73354	35781	74440	21319
68258	31235	81571	4069	46172
64666	26109	97294	12019	10246
56360	75884	91276	3200	47981
78583	36821	38887	48211	45649
46501	729	92937	9062	24893
86725	47943	92590	43195	79006
87599	44128	17453	9821	22359
8562	52589	62140	55444	58309
52458	75613	77946	49684	53778
90404	81515	93534	67566	62729
68694	6429	21073	68247	69974
99505	66768	61079	68793	41247
15707	93246	81323	70814	44394
52057	1685	52735	76087	25998
64515	53844	34316	72282	97769
10689	67627	89444	51391	69891
93368	59247	53278	99229	36004
24007	75948	59687	8268	85737
38597	50799	93034	89335	42939
19555	64775	66834	164	82164
26267	10169	89039	55288	39955
89240	5621	61870	17770	75058
36180	81490	44163	6071	75362
79968	79333	59859	4457	67276
47050	5864	66956	65674	57262
30089	2668	24566	80254	60577
93814	95646	75818	82778	19305
49853	4247	63092	82135	87738
89647	67850	29735	76151	58156
42091	35760	84413	21607	74909
62841	82151	82076	65985	26990
14158	50472	38397	74116	24119
79755	73613	45840	56748	66510
30979	88338	56553	1753	67287
23353	34268	10021	71066	11144
19684	21783	36093	28177	82817
34132	19764	59520	84781	44517
82532	11878	22908	82870	86550
60440	10557	66516	99721	37952
45303	11146	54289	89921	55847
91449	28287	70728	71209	23212
5692	58659	20078	21623	42187
74627	31697	27436	3807	14895
925	68286	53727	67017	1554
44346	38375	84659	67000	71436
74826	92552	63836	78521	11248
94648	16459	92455	31231	63679
73253	30718	58474	63306	19134
59317	16037	1356	90054	35483
37841	76822	73500	98503	40639
79852	96320	68502	15284	56755
36210	1039	27905	26821	53184
97609	67748	64178	68805	77480
57619	95703	43503	26226	89041
49703	68512	48976	66254	59883
8470	71701	25243	12192	39227
46878	53040	65340	8667	95379
83180	6921	50517	81723	84675
