48651	515	33892	33212	83383
15365	43927	33516	90664	25942
60101	64935	66537	37353	43382
11691	73830	84775	70315	4376
54838	72739	18973	47783	50685
73754	84522	85462	86010	67665
9982	96907	58858	64057	50415
61476	36709	9341	53403	70748
51418	36875	39262	83258	65135
31218	79940	32481	44588	23141
47114	65593	70027	46315	98122
31101	60493	62364	83160	36221
24582	39010	5131	49619	22522
71012	76208	42780	84334	36147
83549	41548	79414	23355	67970
12136	30711	9593	13754	56867
47258	71251	41870	49260	96141
2678	35202	88622	87169	47838
54005	87151	84923	27282	2733
53197	64836	73592	74006	15691
46884	94482	22733	97390	38883
87796	81918	41808	83316	45471
31371	28978	22774	49034	59243
28936	80074	10328	95503	5688
1001	62307	34717	10232	52541
15210	27350	19438	15514	12698
46943	89149	79979	28957	9402
33325	89021	17982	23434	18017
44179	24978	45867	6516	34857
33189	68683	46947	79985	8243
68066	53314	23977	57349	23187
74220	29623	69229	32854	4925
40753	42514	48480	8481	87148
76129	79808	84923	70897	49865
31621	22379	96109	13385	97599
30203	55157	38774	83472	57205
42089	98250	35579	16477	60927
53340	84809	63524	6397	10547
51152	557	33400	48222	48216
38467	94821	48572	83953	3412
82054	85385	21813	27760	38963
83686	44431	74929	7312	89176
49145	35166	81473	66170	91118
75497	78677	94989	84079	23103
30419	54112	82874	98969	64006
21920	80906	80679	76379	88897
65365	66964	80473	34901	28729
53166	77229	94680	49006	47507
23670	58315	87067	19054	75573
99983	8831	41250	93807	99219
22510	11206	65471	35858	7242
23379	51743	69704	3182	38717
50471	94379	15588	56655	80958
1399	49172	61699	61155	77444
21718	95171	17149	67648	73149
59321	33411	34289	2503	4390
22924	49307	57275	2779	63688
2995	31978	47066	62743	40737
89447	10962	87373	42018	84948
10531	69425	34070	74424	16281
80186	20075	93233	92299	81139
44954	89635	56400	86444	32518
27816	17430	6827	23438	66964
60913	12395	98698	53412	63395
36877	8345	1972	54312	49699
45841	90894	62101	78311	93382
11793	63610	44156	9403	56397
50127	28625	61156	2892	52482
90552	37468	16924	91612	36010
94865	39479	47919	16080	90978
81754	33119	59104	6214	67025
29402	31667	63393	35080	74772
5942	74919	26755	22122	37187
14206	68790	8689	17483	37070
14913	54637	28176	92144	87609
33418	21432	28188	16588	86116
99268	24459	63602	51968	76880
32702	47868	89927	54566	83677
7988	15679	37651	22641	94653
41528	15844	70433	905	56829
27227	5897	43714	77862	4203
49293	9492	23744	60753	541
95015	19669	79673	2245	9199
10699	2507	55127	63079	44776
48969	62133	18122	84372	54422
59807	43094	78886	39586	59129
33461	40286	56102	62810	48643
4536	42707	42935	12137	96255
96787	92264	78855	85500	12790
82453	56158	15622	56768	78889
17787	11423	94851	4912	87427
88150	51813	64221	28878	89260
25450	78635	24634	4855	5955
6182	77335	15383	42807	387
76730	20307	18971	67343	59493
63880	60707	6294	59845	97947
9428	17440	98130	58269	79563
598	89074	2982	70268	56427
93849	75163	17845	59913	34838
91445	923	37755	94579	84319
90345	88957	69626	70681	30351
70928	69885	81306	35642	47353
52619	26444	98790	82791	34660
37778	25487	29278	53542	80461
45995	83359	36768	27172	78934
5670	53729	68706	5143	4733
60120	62056	69178	96260	92924
77046	17409	14073	26781	30272
78931	8398	24185	1036	37295
46830	58536	27330	40501	53781
32013	20086	97007	69435	6879
27406	90345	42670	83985	73971
73953	84266	32100	10139	96633
45210	87422	47406	22108	53609
17634	43061	80972	79829	43198
75563	28965	71209	17819	52217
41322	64479	17778	17960	76888
59683	67520	66343	68471	36993
60664	56548	52793	86234	82972
76684	39479	43247	19874	49508
8414	66890	10795	2845	87949
50543	86166	38269	19902	52856
17878	89058	93990	17654	23164
78143	14619	97002	18940	82044
25159	58766	96431	18925	58969
58763	57927	91815	27765	90485
84046	84720	42897	75047	61189
43529	27933	13568	34667	67902
26233	59640	78100	58397	1057
81750	77037	60982	13143	62658
97543	31143	83037	7941	21265
8367	79187	45984	97530	18588
77197	6947	33062	18443	79649
18752	27251	29391	31677	92792
66120	2927	16191	76976	7618
87018	45043	72268	81323	6108
86816	34898	65671	18925	90839
11513	26480	67012	8404	85014
38569	59964	613	5749	42912
85320	61672	63799	58941	96662
39045	81445	20274	13799	50972
30315	80084	46567	84335	74085
61554	30236	43731	42483	28522
76879	74267	42017	24586	78723
85969	44729	53881	31890	20458
18824	52285	84727	29671	35918
35703	889	63593	28859	97773
49356	15429	53259	2354	4756
88988	19133	63699	92545	19359
90396	78766	70984	80094	99753
13801	55801	25897	94075	60848
74544	68379	29996	12593	74734
13188	86025	2855	3264	129
90536	48875	14024	89792	81635
77351	57565	9899	23919	92198
5096	32211	64714	74001	1876
39754	71279	49594	1976	87869
48019	57378	56663	40990	77048
66584	3899	7600	64087	56957
58446	93077	45855	35494	22721
56381	16621	83580	13003	42529
9327	97340	215	40510	57517
60218	98272	43723	82083	56103
75779	91465	50243	45259	5052
30871	31165	98519	96439	37852
14794	71746	71392	33028	88444
30981	34045	58941	67873	29003
82971	12089	5147	64134	45730
49365	96182	58198	68611	65931
57064	46048	35190	64990	77175
78719	18676	47469	79269	39918
3683	37736	66478	16266	84116
2372	16669	74467	5144	15962
17183	63074	91016	58953	53067
66182	59794	93437	29862	41417
19105	86055	35954	63662	87004
41172	99344	31407	26297	96004
61663	51990	43660	74822	67048
48815	13115	37006	65559	5279
72964	84516	40093	12432	42752
22889	14346	35875	5124	69437
30634	52016	145	93913	88765
21564	4633	23384	67188	91247
36384	83062	83905	3981	81899
18872	67617	13533	69048	92543
38293	49291	83753	67721	56012
79148	91218	77572	65066	60798
60943	89355	55263	53392	91117
4364	97294	63027	10713	29132
47165	49892	34625	11349	80948
17572	8687	44695	94698	26858
14939	3191	48856	44261	18773
50642	44462	14091	88237	18221
85273	43100	560	26522	13327
73809	65691	17062	21746	21203
78882	47348	61779	3977	44974
16322	8159	56245	13359	66128
3713	19728	8836	24157	9698
40875	32181	44614	59795	68949
47988	69524	78603	53788	33372
48104	38522	19773	76979	51915
28918	43810	1544	34485	1641
63723	49270	82799	58538	20334
46063	39517	44052	19616	23346
34474	66999	61407	44983	58843
22934	57959	57011	50575	52231
4781	81552	72339	97991	94870
17118	44602	99894	62517	97489
94740	89961	68627	3623	19201
57828	92046	63262	842	22651
70914	76224	89186	8069	88496
13440	58379	73216	63448	42247
74239	67255	10907	61188	17764
13582	2300	10221	79513	81762
47631	76926	78256	65985	67052
92404	55079	98909	22508	58396
29624	5931	33056	76450	84764
4731	49646	10601	17994	59580
76855	9684	22696	60067	61191
95683	59250	10559	84170	98882
85328	42350	86518	45526	33433
12602	22445	98485	90738	32326
58153	83639	47076	94373	81768
49046	49081	23347	23510	5450
91397	40653	16122	78499	58879
152	13056	66218	81567	90536
30601	11323	70816	78063	41569
86332	16260	76978	85313	83617
88498	81267	35409	80614	8439
57577	86863	23615	64921	44701
36249	96727	97569	9153	88806
67145	13269	58429	15398	52777
30241	29512	52631	84357	18146
1394	72171	96915	86244	69921
77017	58630	39804	88532	64389
49696	46292	94301	97816	52024
48333	93913	95776	60487	9313
98956	60523	43851	73928	94108
17526	66920	59727	33627	39061
16976	50426	81552	88240	11940
43168	18344	71803	82419	44658
89637	78195	79394	63436	83627
14217	49146	70941	30208	14393
62702	89501	57350	62548	7206
55444	33122	87694	53142	72314
68150	90576	86590	61945	58639
10847	9880	98701	57151	4009
91057	40760	59397	36525	44120
19338	86709	62987	55665	78877
56090	79555	3566	7944	34714
28231	62411	38844	77325	14548
88302	42380	70668	46246	29899
36154	94164	82471	65296	9370
68286	6979	30204	30110	52280
74066	71407	39797	77362	33591
90396	29563	28782	63066	4898
90429	7344	77678	795	74082
48379	82308	86648	40349	99073
32377	47544	57982	49674	22586
37464	85763	51524	89798	2569
2775	89445	79159	84667	86624
87424	92536	36365	24959	68448
63422	76214	45188	96514	3913
39973	16932	23471	67695	20787
56561	29583	99735	92277	92685
5570	59300	29502	48334	75385
67369	14497	82965	78741	32578
4168	32854	52556	16083	3904
35648	16686	22029	77489	8955
26890	65713	10726	92010	83610
81319	94710	52248	7803	81442
78665	1114	9907	75843	24853
16959	84108	49547	37657	66052
44612	56702	56858	39533	96612
23713	25234	57595	25151	7076
16292	44200	99487	60891	41377
69323	93368	5863	94403	22125
92857	96755	36098	84746	28963
61826	62755	77121	54251	56636
46635	51712	31111	66789	57418
40848	66849	79953	88695	80019
81041	76514	19419	51309	91661
52496	36779	97525	92289	44799
43183	35650	24316	68169	52235
2027	52987	7339	39102	87683
23541	22286	17492	65866	17578
89459	6532	67956	6941	49362
2578	85833	39185	20755	3481
93855	44656	39824	7918	19451
35842	83344	26237	36960	20056
56415	35326	25878	72110	81926
71030	28120	39141	458	74968
35907	31902	78077	29456	30237
4845	98819	28122	37422	96619
2569	89498	81792	6416	7283
6311	35588	39297	81626	25788
27043	65908	93479	63074	47438
97837	40533	4307	6768	90845
17560	28528	27971	81385	33872
78669	56047	24694	70642	69995
66501	91818	67589	96495	2413
79235	10046	93700	7273	48173
19364	90649	82263	11651	88496
1012	79611	59294	81054	85055
13159	78002	25644	16447	81610
94964	55484	66250	91268	93938
34167	43620	10261	7868	37561
53569	78454	72024	28582	43093
70122	60233	10079	37252	94473
49507	5592	60676	93766	57663
69792	38314	68089	53465	10814
45700	63764	4964	74411	55068
90282	82024	68609	9862	23496
7368	95954	87736	12638	4671
68000	47413	11447	21733	1637
54284	45653	38254	18934	11669
51421	13495	36441	93799	70180
65286	79335	47217	2950	8938
70924	98680	79162	53199	74685
62547	46392	90635	44102	16727
99924	99498	16536	94703	10149
3143	59138	61289	18636	36412
88959	1808	4086	14633	20852
49613	99261	96492	72236	56752
36731	26849	3638	91598	15859
90332	27824	81774	55758	13152
68362	11284	25885	13072	43009
17223	88841	49954	37587	65501
73491	60675	38278	42711	17715
84566	61286	31678	38744	88608
17525	17209	4742	59181	49650
39732	53482	85411	15155	29349
70804	56142	63312	1112	11067
24505	93217	74217	67089	87406
96914	19147	28049	24336	14259
46724	81030	60138	95881	86253
89112	21230	81985	79798	9337
92676	88524	24328	31343	70623
91562	47158	56235	53971	82015
57447	67937	14631	92200	26568
77732	72164	1143	49714	22224
36060	41842	22032	99775	76542
11908	5695	43463	4258	24296
42030	73580	14409	92557	42897
52428	35667	81884	24958	75413
47480	19381	97385	9750	72624
42132	73480	26771	71510	39482
89666	32222	96438	61931	8711
30176	50004	322	85803	2911
20093	39647	7093	40994	54625
97110	39663	82753	76641	30870
9370	3452	95510	36566	25009
63240	33348	73587	64726	47179
81350	30005	9973	49051	86735
11028	61831	33679	74469	66753
99863	39387	83497	25670	23008
80261	35560	66751	84627	68154
3149	55284	19081	57747	12998
31752	22732	71508	10113	430
95140	50093	57942	97967	37040
38287	97473	40870	35364	64821
71776	79047	78727	2484	25271
48659	61807	69241	65096	31467
20058	74636	5970	97314	44184
72152	79783	71574	3229	92527
92178	31865	7335	62156	80999
18312	86603	20675	53556	51201
27457	79460	32892	52231	20302
80685	9138	39313	84064	69417
42484	87307	63056	47547	85526
8665	29877	25302	79374	59718
46956	40679	54638	71969	77937
82207	87489	78740	54826	90394
16497	57232	2364	48272	96660
60146	5856	96569	37188	14014
27590	21528	44985	15067	68434
84724	12673	33899	69433	72894
89651	95230	42292	61105	17387
19574	7734	45177	24688	86798
91539	82400	27699	25695	58156
28310	42632	60803	14133	12961
53909	14278	29109	22906	78640
78851	54513	17317	64775	81536
71749	16140	17857	26897	29619
2407	6139	14460	51897	95117
18392	502	34366	31309	16878
22230	24805	73203	65340	88513
5941	61907	65088	43065	1023
17119	37557	39897	91398	86909
56548	22031	32765	37086	48658
19575	27387	16478	19680	63461
33782	65568	51712	97925	52005
22200	42676	2713	45713	73852
75558	65756	51673	85679	73237
61303	49143	20979	10749	59166
98329	85213	57974	8015	70798
26759	71684	7653	52684	98301
33125	40264	72502	17095	16941
4935	15940	5616	30709	61747
65034	82173	68138	1629	60986
69637	74345	85452	48581	26506
69586	93333	40664	86808	33973
87936	69111	29605	73288	91195
72266	59899	20786	12051	34254
87682	28737	1398	361	76660
60824	99682	89964	3610	23778
58466	80508	27647	74862	21865
89785	52451	25108	30121	1307
62646	37273	92677	12595	94982
9572	76632	21727	84084	23340
13670	42264	95884	91230	17899
30813	26803	88291	78092	93250
55567	7063	66060	93207	38209
94760	86819	84230	76295	8894
66617	34663	65830	69939	91843
35660	90271	84130	26567	43636
20789	92890	63853	85964	17306
23868	40020	47380	99833	5901
58600	25440	23762	92169	51166
15178	40624	28949	63226	78761
52844	92559	9140	65893	55313
11049	87764	69346	39478	15303
16685	76226	22764	94898	76560
90775	80204	85010	74932	1505
47014	6497	80249	24205	91682
72724	56518	80688	7351	16559
42972	55802	52373	97097	17332
79186	76956	37139	37417	28819
51500	88285	96415	17548	77106
27458	29963	15593	1278	56137
41454	7553	23818	24606	45457
88483	58552	23605	62119	75727
32569	13791	1413	89807	34006
67627	2697	22100	3947	12748
13230	34943	89672	53973	16627
74534	79931	13891	14309	74165
33421	79847	83185	51367	40673
49192	43830	24865	4067	5554
5267	28407	1850	26735	36604
86218	85283	76670	9242	36047
28780	84887	97636	11659	59596
57752	67250	6571	88754	44810
75789	4361	92390	24000	80889
20603	59728	77033	65283	21625
89603	98523	28404	77191	38111
84188	26621	12745	88122	45858
14116	80698	78364	16146	24795
87466	46746	51127	37052	65144
31728	90395	22810	57111	54437
18993	45036	31797	98194	65837
66766	385	44609	83974	30067
82706	28490	74612	48533	83775
2911	49838	72799	43251	36192
78957	6979	27402	18258	95936
8850	31631	78796	893	29067
68997	153	34398	86072	15224
89647	53264	13111	96518	21641
42886	2372	62724	71112	14351
69543	20897	64631	87659	81324
36781	18252	63269	37797	81567
76943	74600	84700	37062	83213
71605	13239	23912	55989	33280
60722	28445	2571	94296	435
24043	67273	39224	50930	45328
98310	57709	77100	26826	80569
10664	6180	58988	76177	92475
68498	29438	6635	35	17214
5536	34639	21401	29385	20841
58742	37266	31484	24746	26785
16284	32457	77405	82764	5413
26743	29333	60497	99034	51328
52274	28986	43206	37538	9207
64716	70947	38357	91161	62350
628	80878	85702	58175	97923
78347	54386	30202	56197	168
39447	96025	12450	85460	40581
18393	71867	96383	1979	48589
12131	49122	88529	36562	62667
7154	54690	84562	72504	8242
20641	40046	27024	43122	86468
61079	53832	12145	74464	87843
29557	59209	27600	51903	51455
95217	6165	17386	94955	7280
29846	56564	37390	5199	17841
43665	52719	58429	52077	62158
92687	96024	8438	13004	69156
9927	30747	31066	76460	51512
52847	68602	82389	12134	39117
27975	17799	809	16062	29930
7824	19153	14000	21154	49956
16038	82226	62666	74739	8072
46515	52345	73413	55172	78137
25253	49824	99885	30970	96075
33540	6501	80721	75662	30027
42044	42676	60685	90494	8495
85085	70577	61028	73325	43104
83906	31909	89875	63456	81733
63978	64906	11655	11855	57247
25156	47916	44575	13288	32376
78107	56236	85318	59951	75217
38807	85947	90205	22765	25371
67135	70457	86425	67626	66793
10844	82775	18025	72028	45145
42640	20251	84953	94791	9886
96795	55555	7125	42770	84351
97236	86374	39477	65296	75134
22111	71927	22588	20038	67278
93999	89262	44159	95861	36767
11517	66010	71765	57237	77680
19350	6064	86849	95715	74010
6709	3849	70501	35501	78905
43344	2093	2928	87076	77118
37468	40758	234	35243	49857
65333	66708	66988	25737	29396
26176	15784	77988	81997	90081
87860	75549	71752	85004	19305
54400	99758	96345	12670	7561
61669	65745	3089	15556	26588
77737	38788	42049	74126	65059
56569	21814	50805	88987	43626
62670	81470	29095	76410	35529
14541	90654	76091	75596	62812
1075	38908	36978	59511	16073
48277	40255	92104	19109	90399
310	59175	19521	33276	40649
12280	5305	83027	64566	30294
1500	2580	84891	66118	57988
21319	71252	57243	30105	21475
29420	93032	56778	86282	85537
89277	39351	42382	65277	97622
94229	88182	64451	21769	77346
88532	48565	81838	73714	1009
10537	56114	34655	80557	75014
74744	87775	15672	90021	53838
20955	25529	98505	89283	80733
23274	62913	28152	56374	94775
23296	79514	71853	40339	99911
70698	30487	29628	94349	84387
61440	23366	5681	46888	36145
22871	32954	93514	96132	65346
27441	93793	70662	68863	52423
19147	78718	66274	52817	24076
72765	62075	27837	92371	10133
48452	1853	97331	44981	76486
82247	85186	22731	91665	42820
64504	14244	34124	77291	9644
29820	27084	72202	75950	4538
2426	88207	99632	47886	81316
58381	900	1396	9608	92462
18910	49839	78827	62803	45345
38541	75352	13252	65721	81939
42770	58323	36982	2633	55165
58129	55006	15035	5984	87660
42476	19046	6997	26902	6897
89494	79962	53954	63949	67752
96582	96751	93731	95661	6551
90058	99674	19775	94444	68463
72958	48793	94423	9981	40248
24171	39844	82356	23205	67326
79343	58706	53679	29910	88413
32473	50291	92848	34223	91654
86607	98435	47669	35868	45716
21233	52771	29848	79486	32572
96148	23044	90624	86667	80864
90045	53940	20049	83154	34419
38465	22549	18382	64292	64503
53356	2718	76876	77073	48801
10245	14719	66397	64014	38454
8518	62015	91045	78530	81482
62432	35476	48076	57869	78666
51229	88303	72804	12507	9234
67876	20177	23600	27166	54378
25452	41562	27579	66221	40083
39040	21144	86942	60057	42479
22727	63124	31127	64238	61309
62611	53101	17077	61725	79847
89942	72879	71549	2619	37741
71234	57901	92443	66397	69034
82775	70297	22410	67892	15762
60550	1295	38865	89598	54713
34938	97570	63640	8335	8564
24333	48248	46555	68836	46113
543	83149	84895	78839	21530
36656	3320	74974	39817	88397
27885	35659	56705	40705	50360
4741	77214	84799	43539	77919
81514	15449	16973	8062	36794
42973	60233	974	62000	42311
1771	79349	95703	13835	65008
64931	2923	87213	33256	65888
66173	25023	87889	55015	16793
84751	52668	38088	19986	16550
9982	49528	29511	37551	27001
2465	76025	46555	81252	15102
95486	91119	5681	29463	88411
18806	47765	546	57200	95417
73356	16408	43781	42499	7995
54171	98332	45691	22960	52361
77012	40415	89710	11097	41240
7744	57071	85961	62864	38046
68960	53368	66993	40422	26810
27191	12528	45806	43595	28172
58679	94485	70947	40350	9380
80539	65141	1710	58525	44407
13606	63828	32727	74213	88676
55580	79803	61369	80137	67951
90542	60779	66410	97977	58756
35944	82946	39339	54932	84174
59866	34196	72480	50301	46131
65586	50259	89579	13658	57439
2763	98511	92599	64205	83738
36963	43893	33069	57648	80545
56761	28334	32029	81840	13283
67329	63322	97289	78539	73688
92886	18436	57455	49819	33732
40400	42274	70215	61664	81537
58388	12386	21770	37990	54044
9752	35947	26744	79175	87786
22109	79108	10953	22534	89622
80136	79371	53330	53566	15875
4619	20355	21317	58892	47067
90340	82947	79528	22105	64888
84298	65448	19585	36069	43177
69934	89337	88677	74833	78540
4347	73913	24849	46176	52942
30860	85271	39869	89453	20691
39648	87839	73601	22828	1196
84156	85071	91650	61084	8592
46914	50647	19730	44065	63130
47571	24609	42459	18835	58687
5672	36400	37617	10563	64910
10552	19880	47995	61854	2634
61170	46732	99047	72863	23995
21482	27929	47932	37781	12267
78282	335	61142	92867	39344
81939	44080	83261	63354	30350
46241	62316	32059	81469	69344
90764	56611	94998	74363	72228
42555	90684	89439	77157	70610
85750	50314	44628	28498	41256
80315	88745	86558	16974	48044
70668	67307	38869	47972	17661
67450	94091	91104	98408	59968
74439	93577	93686	59628	50443
13204	80422	36510	79990	44361
94276	58335	72489	67531	92868
8698	33368	30002	17713	38313
77065	99950	22180	30635	68422
22185	49500	57818	22129	48434
56030	52618	49652	36421	40205
16643	23335	7211	71347	21885
80236	22449	35527	93926	27618
15126	3575	14538	37176	19423
38299	31373	37467	7341	42987
58756	26346	50385	54376	12266
43217	97345	77227	88450	73468
33571	39071	22069	2498	57610
183	67262	32926	68480	52313
27311	88337	9224	61124	23531
1567	92684	2968	34967	92885
56059	94739	4012	32639	68545
23044	22796	17930	35111	94582
72381	47329	90059	41116	10881
15927	28433	54160	16146	24187
41736	74867	26745	64702	45975
98926	58827	29597	52719	50222
89284	46093	17724	93357	88102
76843	63494	75546	36600	30337
33302	56892	37409	36908	48030
70528	66848	32536	30883	19096
29125	77534	24965	82254	77970
444	44123	84186	40644	96292
3872	71471	84939	73737	32929
80243	44427	67733	77338	75038
6830	98838	9122	46060	10591
71071	78501	85694	97341	12668
15702	17831	67342	28476	17229
64621	95663	52007	48288	87358
38832	72550	67738	99571	81415
13310	76704	81128	12860	94699
84701	42346	61806	44120	37272
13611	18851	15766	56386	30973
95785	55108	55823	67523	74898
20505	63187	39275	44428	23062
34380	77208	32749	70387	1366
96571	29288	60246	44334	34590
12842	14714	64159	75348	51005
78893	29621	89580	74632	81642
47914	66866	81313	92052	11334
13018	66070	7330	2925	83559
74918	93226	7422	96456	94430
37235	81708	69817	55055	57233
53259	42080	73107	80878	5868
92230	96742	38294	9375	70557
47958	48828	80109	79859	42415
16690	27829	75815	12648	32702
25929	18888	67116	90725	58046
67651	18232	88286	12178	18745
2511	63113	24065	3243	22761
54900	42360	70071	75430	34234
48270	21128	88018	72273	42023
24550	95486	10168	81454	54645
85834	93710	20125	83026	41638
66789	22174	56187	73416	42023
95903	64622	81629	29474	22474
61123	95030	14446	19416	76652
98867	818	85778	28010	42841
83706	44326	59242	95014	32285
18291	19207	88312	89755	10362
57418	48287	17465	22419	78632
32317	88127	77059	67880	31499
77797	16775	41876	76414	45766
48362	52786	86346	53136	94799
4992	76851	84377	70499	48703
86597	32394	86976	70876	4022
23109	46679	28094	70696	61735
12877	19250	9022	65318	25843
89069	73712	70038	48899	82425
9306	63500	65113	89715	37507
17363	87819	2461	43120	85589
50263	62073	26886	16765	4653
17020	31223	60159	87603	96876
65279	83325	53125	18773	29760
90340	6813	3045	43771	98688
91031	78499	58010	69241	3117
76379	9914	10991	52664	24022
50781	54782	35794	10238	91330
5266	80623	89914	42484	81908
88397	30413	79481	75158	96450
35553	98386	29164	49159	57475
69898	26637	66293	96413	39322
94077	41117	71802	77405	66783
4559	6053	87012	85221	93963
57558	53748	24575	99121	70214
50660	44528	8014	65026	5289
60107	41719	45378	45079	44248
61237	74874	69453	14110	88378
57498	22155	27178	66425	76820
28206	80580	81787	98163	12883
60552	19898	76116	95435	27054
51839	71021	64266	91184	22277
69835	64402	11214	36773	33032
34211	8603	34232	39337	83139
2318	51687	85446	70666	55253
48159	87927	43295	32096	74210
15022	92542	31960	16245	26060
91356	80964	43121	18492	10897
70121	50747	44421	38338	13496
95152	7060	56472	70994	55344
57808	3079	98738	46638	15147
50218	74703	87558	31288	99596
85379	35477	49638	70627	42269
55733	1327	47242	99805	27023
6612	13610	9621	4699	72692
73509	16125	32008	66293	19001
15439	56227	7230	95708	57132
34158	77565	60127	97297	81313
20653	45183	10853	81477	8488
7696	66411	84655	15331	932
67558	77120	86407	44038	58814
21382	40519	87260	7178	49013
26996	54630	31069	18378	10741
93748	51231	39824	52065	23869
31108	6034	59611	29237	15454
69696	47418	5738	55243	26030
93049	51110	68115	2900	55756
63147	9420	80257	36293	13425
36284	231	16096	42766	23610
51508	82858	6939	34950	34945
13663	36330	33787	14633	54223
66144	62416	32701	53544	67279
45677	91537	46560	34276	94522
41088	76888	75611	69373	21151
77074	79282	70859	37361	95982
31863	21743	24047	50019	44681
79826	97603	87926	14015	94253
82410	18975	1492	42867	9883
34733	47359	94730	31583	85421
72474	65091	71730	18319	8934
27425	1653	5266	19660	14904
26289	73741	6455	28971	38375
32745	26445	7309	88379	41800
41914	7800	71055	3007	19920
2655	93024	20000	34591	14114
31046	7049	50455	94041	31576
22249	26114	73694	80875	28749
59495	12990	52838	24074	46587
97083	45851	55873	63724	76717
90099	73600	9647	87643	46146
69466	21789	51644	4053	94918
63178	42644	13218	32362	59066
54918	69759	72542	40967	10646
95003	94803	28093	64690	39253
95806	61828	95302	26908	19900
66808	94502	1565	53490	71192
44473	9969	94186	93571	36325
32450	79041	88602	72250	44204
40584	87136	97643	63972	1845
29668	75691	65703	22344	91377
52649	70296	31076	64073	82737
37830	74072	66829	3175	15567
56231	47818	90725	21677	65244
56483	37870	26319	95343	16595
31002	80355	41300	14947	3981
85108	72388	3358	11872	67042
32003	38150	6455	9127	34085
90644	45376	30373	16934	57620
34434	78038	58084	32772	98882
20859	95306	42893	8532	57316
44782	89615	22702	10305	69341
2746	91009	95490	17883	94937
44050	95310	49473	12181	75900
92086	27286	88221	64530	78394
22208	72603	24528	94680	8791
90644	71048	14114	98549	43710
62617	59997	22558	34195	7835
62023	87345	68588	95905	3938
14786	13298	55449	8402	15532
51108	41837	9805	3587	984
85742	95197	52596	88788	41026
63010	90354	61048	98843	44170
31536	12298	71392	55722	91623
86581	33476	15451	61966	16217
3528	26556	40434	47347	15785
84013	10095	23236	30983	20228
1337	34739	30688	3291	44363
71514	40631	15125	96520	50986
68229	20007	88352	70854	28939
79384	43111	82937	48326	59926
90366	56415	81156	94048	84021
93756	5829	87618	36290	1584
14735	58522	78945	75540	1246
77035	78584	27549	59048	19795
16565	58768	9477	93293	16818
78411	8525	30998	86200	99164
67101	5874	13836	73622	67434
39414	99928	76593	10331	2012
19407	30155	48277	20868	49291
52250	23379	69074	9885	64318
93792	61439	76157	61698	18775
42565	40478	68631	30569	95463
25656	61975	15743	18299	68745
53883	52697	13553	3113	57073
66877	7543	88221	36797	59935
6728	14611	83475	68982	3832
33221	34577	70407	4830	65904
9659	60176	88148	65089	92044
17937	9363	93906	23287	99030
91315	7653	63509	93448	85228
25796	72478	43469	82787	61850
44195	71227	14170	39334	24946
97500	41006	59716	38654	94060
70305	18184	4878	9580	38420
69160	50435	11915	51043	78641
30739	33401	38768	11397	56145
90684	96674	67229	36149	59837
95414	29974	32142	80470	40255
9876	4218	30224	27266	90874
66882	51351	99528	28384	40309
94931	42683	85743	47479	60796
82462	35756	13350	24984	57377
22089	88771	61893	91072	41364
39604	37496	37068	82746	1424
71314	25956	34856	8948	97362
51702	8192	72786	11076	4295
48707	7622	70867	34192	78495
95839	32721	25313	86420	61259
24646	85699	78243	15702	47443
8884	59090	29512	51825	20873
29266	45508	44846	76071	29876
80927	85461	35039	9528	81369
99639	44136	79856	73551	83174
69323	63004	60187	74677	29798
63004	23173	29513	629	87879
59491	46040	57766	74115	47676
36063	835	92416	2878	5547
78907	84140	83081	60485	86585
87213	45024	31748	36020	43806
65750	29546	11610	25734	32365
51817	51684	36706	47067	75009
65062	18782	85939	76491	53201
16316	76837	69635	74881	57058
26767	13581	86777	49429	46270
28457	55817	30050	13416	60872
26350	46730	37239	19900	45462
66935	45147	8762	18300	59244
16574	32904	37163	54757	66655
78359	70749	14269	41724	74946
86130	80026	22507	78156	93736
7067	10209	59184	42822	25580
18695	77695	97221	65534	20745
97164	71392	54306	31584	79983
39163	73969	95617	25148	42648
76224	13330	91300	72657	50481
94777	67537	7900	44315	39188
8181	5888	81541	42366	60638
73896	99181	55150	99999	50462
8132	33152	39742	70010	91129
51435	16820	87616	42693	97868
61204	70501	17369	13847	96178
50330	72638	64307	59606	74886
94460	83194	36393	9442	49448
57418	94317	56070	77904	20714
57129	2316	30257	89121	74987
80864	9311	22478	57212	3379
78852	62033	60378	84479	97775
15482	80994	6318	56311	85928
70857	25272	13436	47336	14076
89231	34728	88730	34948	78668
166	53072	82155	54744	49036
92036	67013	65200	6003	8766
36619	5886	45142	12808	99605
21966	91529	14200	87219	95780
3665	63306	52356	20887	51204
77890	35036	71924	66909	33641
93316	1231	74548	85798	86743
23658	15280	16646	31215	43084
34061	87482	15671	2297	55713
99847	81256	25963	89464	17997
30984	99991	39962	37469	65291
5786	34026	38775	76555	22722
15782	78129	9338	35835	16083
41360	31735	96593	42804	99854
95666	74170	6877	8143	83126
64355	99092	2214	56750	21188
2626	54790	18146	12055	21017
16441	54698	4873	34292	28275
65494	83066	84016	77733	7808
47891	44732	65538	18729	86790
74655	88639	30331	28360	50379
27177	63075	1723	89532	36702
23638	89821	393	75573	48396
48619	40789	55657	92615	4505
32358	84799	57525	5181	48258
46932	62534	73566	62147	39389
40500	66852	60333	25894	48903
93281	14820	3592	22674	84540
29678	66329	29596	6821	81470
70259	10296	26038	98068	5500
71336	26116	12261	70042	47367
20912	74478	23188	15650	17648
31798	36367	40339	11953	43782
93918	82793	86462	4109	11758
27242	39008	31538	44928	7060
89437	88355	8873	48540	40987
19974	70369	40176	79953	79121
90061	46133	93282	28542	38555
96628	52605	8642	18034	50172
51527	38439	59854	75307	74578
95420	33804	79457	70476	22556
91840	59422	61033	56947	20496
1453	22718	16235	72930	8733
19308	81207	30126	49934	20063
28884	2874	17568	17833	63297
90566	81600	82032	70183	24208
74248	29126	25918	28573	37847
36464	99063	3154	77290	14376
81806	21600	7075	81334	15373
73565	72810	57739	20622	10526
54337	77103	31060	27797	34928
52767	16568	72709	76486	98667
55981	8236	17380	1358	48046
52754	80238	69739	73688	59177
1588	78886	52004	26499	87054
42090	87224	61018	13784	44337
56601	57487	62200	30738	75836
4028	54240	36180	14293	76297
20503	67040	38083	62446	89057
23773	42482	97473	26722	97327
1418	99055	2491	28730	8831
42409	5410	14048	12540	9660
47119	89017	3826	46905	47595
84927	41578	70538	35254	62952
51681	4472	55018	24902	88972
24666	81871	96098	67158	98674
24621	15269	12511	81214	58082
65457	65029	76436	52921	43352
37484	42245	27343	90721	63830
91805	13746	25011	20377	42027
99493	59834	87731	4348	34933
20116	76517	78475	50873	40365
63921	87324	72250	56670	26285
29101	69097	15935	11172	20619
89305	19070	97526	77511	56624
80752	47608	24425	16782	49142
97267	84732	97491	20219	25794
9038	35695	25818	99988	23390
58444	99713	37462	48754	46161
67417	68198	46119	52238	75402
96307	37426	3669	32843	78483
38078	33578	2599	52318	60423
96767	99100	4445	12195	31729
8453	8056	89235	82501	53712
56952	23135	12769	46347	74319
76915	74233	50066	26642	87889
98046	31307	2168	14996	78566
78077	84025	5007	22629	62061
60028	42602	33893	61724	60175
19827	36323	14001	37240	62320
98652	59744	50727	29884	60916
84113	3591	45698	6634	91033
80713	59179	14958	25395	35442
29464	75695	42819	60847	15709
76944	63419	45641	74383	45649
96698	93578	89092	31512	58844
31573	51620	61339	20545	80419
75697	65173	2844	44879	58508
2633	11978	68688	82488	33109
57102	90802	28961	29125	46707
99455	95278	62201	5334	8068
9033	43452	65694	36048	96198
10129	40826	8536	67471	81471
85278	21511	97007	14002	54840
91866	19315	86160	89661	58210
41448	24061	9364	73691	5645
65890	12559	16698	38678	1160
63730	87415	28464	21642	29120
31363	11349	30572	31110	17379
26833	57799	54040	48764	90839
37798	18781	69710	92053	95039
78189	43672	83905	40289	98147
74994	15959	59690	40660	63947
74350	95287	65478	12099	31016
65265	34503	4401	24425	91064
60425	31426	30335	71624	34178
73585	59491	78571	24753	71856
65869	37722	12997	16073	91439
89835	11256	78800	63510	329
23598	56958	15971	30737	1436
30634	43748	52103	95718	26752
77344	58933	38822	28943	14608
99336	91652	18740	87858	11852
53395	67014	92350	21132	93908
85522	46741	93272	19724	12163
89621	9912	47690	96455	87115
50576	66156	80527	27053	98159
93583	20615	38188	68694	18913
17163	89328	62089	72084	35176
92256	57525	3123	80261	94822
31783	32302	3476	81259	50553
6062	64340	56266	26372	33027
27108	57777	96337	81879	24894
75945	67954	30442	82741	92457
88832	16193	14987	9297	87928
31711	55192	76262	80363	79816
9219	81680	83580	43799	37740
10085	83700	2634	20643	80725
61815	22862	52998	72971	29041
89230	30074	7845	86036	8091
15593	17823	70265	71061	29997
82184	65213	19623	91615	27372
77963	88009	11633	91124	96955
36287	57223	68419	42918	51442
60010	60429	49691	54940	13928
33214	83924	18844	50436	96793
7116	68449	66348	72902	46930
83042	41377	80195	71166	41136
90111	95943	32751	14407	23331
12164	94084	57567	88819	51112
81686	67596	5824	67356	53147
71533	7681	73131	93434	11327
52619	41694	73907	55160	6745
97114	12689	32118	80834	53828
90712	86613	47519	29673	75808
65774	64168	40938	578	76032
11503	47880	21982	71540	30231
76826	11254	84829	74343	40494
31457	30014	14615	65428	60431
36854	59181	28035	49	83257
74180	99062	40383	27816	93356
96221	66949	73916	99072	32733
8432	31776	74449	81218	43946
18385	53462	94676	64125	35787
46027	91952	6299	25066	45508
62909	35533	21297	98990	7737
33817	34618	47581	69188	33019
25543	42946	21765	71791	18077
82974	74056	13939	91770	53668
68926	92785	2943	80894	31557
67868	63148	10122	19625	67888
33348	95051	13080	64523	55042
15728	6361	16198	54118	76671
32460	24354	70317	40308	1481
48053	39007	16648	97036	6865
54385	39349	79377	86022	55699
88224	97771	18048	40356	49818
61928	8461	58000	62478	17616
25274	87500	7220	78058	9669
86689	5612	58669	70220	86969
49998	35995	33038	48807	45234
39930	35679	70063	5414	26664
95129	39457	23713	2752	5640
67020	14179	46906	62267	34419
39618	45007	46990	60540	6425
79328	84124	62517	46563	72174
41519	4884	60099	33624	99234
20680	5683	29200	44724	41352
20390	33914	59466	17314	70451
60006	35465	85915	41684	82490
2428	20103	34391	38887	65489
59227	57163	13239	94814	52855
43950	32211	89127	65899	57351
91762	35280	77889	51927	39528
46935	82107	78576	68422	84544
23782	73336	42683	42445	55792
75041	51172	38076	48018	17987
69922	42115	44004	68327	90230
6321	90887	93656	82003	50849
81825	47018	23570	97839	28104
78048	42106	10875	78880	57235
38113	15536	74693	33144	44549
53542	35085	87141	31128	18321
90026	11094	90833	65979	85112
78767	99783	11307	41436	62225
49079	48090	74448	51095	23745
73833	79408	61963	73990	79227
58442	73801	35639	61676	64472
71098	82497	78062	20039	12756
94996	20871	99807	61864	67385
85478	57687	69582	56777	4558
23731	82181	90205	2572	87559
17717	45096	46251	93548	85530
13119	40744	58360	65389	15199
384	63914	13431	6980	6001
58152	25111	8553	49411	92693
64293	47046	72755	16155	24629
8281	78136	87040	19694	37065
8833	97782	95286	37698	21490
69710	51050	6556	99743	67463
72427	92740	87927	69174	75025
13537	70853	12418	28521	74961
80517	77380	30958	70185	71692
80426	33515	88613	19657	44438
32277	88110	58934	78756	66560
75284	10251	77587	46995	12259
49072	46607	42011	99578	16556
88690	82306	59910	55296	50804
5596	10731	82016	82196	88352
19912	95896	89699	23732	95920
82612	23443	25825	35432	49876
38959	67865	84981	42371	18216
63411	92549	43215	77530	88362
54721	14941	2017	93091	84298
69755	3783	57394	71758	46770
87459	50092	15855	84955	44516
19405	9446	8086	33993	4182
41765	54467	31162	64558	99513
24533	58548	43922	83898	32160
82805	77945	29838	50093	97675
37873	84633	20783	8191	75746
78493	88567	58836	38435	57685
62364	98452	96464	1767	47273
74359	6214	5676	56400	39485
60682	52515	61090	8703	62929
68606	84289	74958	92126	8276
4508	84648	56930	43539	32897
22334	6503	33706	89191	77037
95830	4254	15381	74410	20322
3692	86687	37933	10312	91222
34243	70549	86911	97093	88232
7994	74262	70191	36810	79407
65414	49147	63531	15036	59037
67048	33108	32750	41935	54538
85677	2489	77882	97571	14242
84136	17979	44552	52698	25055
36750	87316	36654	79170	62797
30981	45200	54927	74823	84606
34236	5360	77499	10943	47436
83476	59358	77249	67004	26150
64397	52698	64477	92012	85849
80864	22091	94288	83831	38974
47917	2010	39206	49646	94437
76351	39474	62140	39626	44192
97748	93524	13686	73321	90772
28438	19219	39551	21896	52743
23757	52827	44432	76337	2822
93554	44786	14184	35551	54966
62865	22133	42143	47588	15793
37971	13325	57990	14773	67845
89014	50112	99463	24453	38071
97343	75942	9414	4061	22612
53117	345	15245	53782	18245
22095	1216	14890	88226	28375
28065	35205	14094	34239	21277
53542	65511	1012	31077	85910
32331	53170	51595	96937	41487
77105	32340	25826	25905	37235
3295	44211	38021	61686	90767
85755	95508	98952	83289	86099
31367	2944	45342	60880	61309
5496	60085	23443	59226	88850
39878	11885	68814	80673	9395
1060	26843	42267	75363	46512
27509	74602	77484	2462	19100
28195	24340	22800	82135	17836
56393	82742	23150	23600	46621
23009	14642	84487	55317	36866
7053	87432	64749	72707	63430
62181	3242	7922	76342	19855
31301	10617	4353	7060	27321
65563	26470	86982	52850	9019
37470	2049	87585	82231	19564
3740	16582	55248	73619	32025
25598	85511	51233	86783	69820
11271	70391	86992	45870	51080
54475	98582	30297	64235	81421
19591	16294	50645	38199	59396
58876	90845	72217	25103	29285
14562	70179	27654	56794	18700
93740	86431	67397	91760	1487
30874	75911	14043	69441	60750
53097	99423	5644	64313	71766
52684	82601	30826	32645	13743
28999	73497	22093	7436	28964
84920	81454	95628	82029	89346
59574	52780	10126	41893	67457
82197	65169	58302	17230	36887
16415	57161	87197	65435	23220
65154	63611	33295	30664	68006
27739	9125	97396	83922	20223
24484	65890	37545	24238	30244
12835	24996	61700	64631	62624
91545	67926	98886	40636	16596
90323	86341	94662	40236	45410
88054	28539	3988	97166	7403
70593	21792	63261	12527	38440
22092	28963	78106	12134	79733
86568	4719	10722	28012	4327
71971	47656	84069	83118	44292
3895	61372	41215	11343	54236
6771	78361	93483	9418	72170
7456	71125	51494	62563	99817
78005	9062	9583	2447	59321
214	55675	67256	12795	43016
82217	28052	54854	34958	15660
99611	22393	94519	91594	4978
47479	28125	19605	37259	70830
85509	60886	20795	89356	3201
89051	40825	14980	86779	79511
18628	25915	52377	42066	84205
70507	64138	3587	12605	52626
3670	84182	39938	81510	27843
1717	98215	39185	57978	73225
19600	88250	41041	36329	25530
39623	36516	87675	85946	74486
67000	39807	5715	15892	48547
76431	69295	35938	76744	64728
54254	40358	27320	49400	57491
49855	15252	26442	14318	93177
11888	31357	15344	2463	87303
67369	45043	76893	96959	92225
30794	88217	94325	26787	37703
19153	27951	59701	63845	40840
20058	63089	64687	66457	10547
40942	67098	89964	82078	9170
7520	36129	83262	10827	69607
33009	78924	42314	40021	96808
53743	55693	87496	43450	25422
62331	69633	85224	6348	87218
52566	95240	26211	5906	55563
8542	77519	34317	80987	22121
28875	67810	94614	42548	5673
46723	50921	55158	23409	56009
34160	71634	50268	73266	42519
63575	84468	68647	82518	45084
77306	80975	6477	59759	97344
25645	95348	96710	22971	8391
15939	45123	2217	56363	2268
38854	25867	27491	94063	70495
4190	18045	20150	78286	68264
75009	12443	47079	27418	52055
85712	58001	6832	28584	27002
16734	84214	87685	83245	16209
11079	40107	65739	82144	91869
58210	67383	92351	34019	45638
30551	94566	48919	49214	82785
96757	78783	45369	43898	13121
74355	80961	39837	54336	94749
44148	94513	25025	12998	25468
52377	48831	77453	36604	21054
3089	98904	89712	17697	52867
65902	5268	20641	26233	25466
56966	76076	93503	38041	49250
75118	21438	87410	14672	47646
83737	30182	91540	27900	68994
46783	79625	10990	97366	71318
83688	49578	26560	29565	97368
74458	66503	61318	40559	24287
99564	69407	93066	27977	26818
56470	87925	51064	58329	99288
97910	89102	75243	85455	96390
48340	44482	57027	96421	62829
54954	71016	7003	96634	31743
86575	25492	34817	30263	73746
85867	70020	96093	90371	14889
7876	52152	95853	9723	25561
74835	98800	94611	48751	85435
5181	2820	78994	94534	35222
40256	84086	80036	59757	30814
18530	70925	45438	90429	8207
8538	3484	74203	96419	34214
83614	78674	33203	82395	80260
44108	27825	26287	30052	51178
7847	8837	26642	761	21443
10967	46330	18982	72576	21511
12833	1088	26439	50796	20324
69295	32196	4451	3823	40940
85111	60136	47113	55932	89013
17052	34288	82728	11386	98187
50746	55113	34421	40391	55985
76558	63387	51192	82563	58967
1752	36912	49951	93824	40225
96284	41766	90111	41021	17666
79786	54238	9111	6326	87965
64381	16123	60956	17692	91982
84688	8470	24034	42872	52899
55072	14230	3840	42196	53776
62882	11019	69074	58383	92126
16200	1753	34031	17814	45955
35910	45093	50022	36748	94693
33816	99993	21689	3310	71112
30138	43668	83725	14731	48822
8281	16492	92782	57426	41319
25908	64790	43935	51406	34490
28203	45989	23983	72199	61754
18177	76160	46367	40877	28290
23822	20704	61086	20647	90335
21231	16609	85624	35807	15078
96800	91822	15463	87854	7020
30154	69192	75401	66286	52638
93778	194	41352	88950	34176
35605	664	59096	60160	31000
61462	69574	59951	55676	19183
93355	99294	7989	56305	79419
27758	69176	59719	27654	30764
28630	90963	5729	80698	85686
76843	97303	82576	4140	27699
60408	26630	85351	12540	57751
12195	2268	64951	55913	90298
345	88283	99431	6184	11934
98816	50377	50452	27914	25136
45793	44812	53918	53717	59069
20490	68840	13145	29456	69837
34091	23066	33453	45764	41067
25317	93840	7331	81419	71222
50404	9843	22107	36802	83331
37707	371	39781	91286	60361
2908	92412	83949	57070	15835
79994	92057	19238	71578	62887
49964	54907	28028	75189	94075
75057	96658	49974	7949	52705
75201	69944	8673	69039	70614
35065	64261	19288	20990	27571
36693	70156	52817	36934	28860
79383	10238	57075	83067	66514
81028	90241	81043	5628	4835
38295	67981	88208	84388	66962
60581	3069	82380	33006	22079
85074	88360	73060	9641	87634
27028	30071	70406	14603	85348
82437	79641	99839	73250	53570
29521	56888	16518	88729	32034
1464	81875	83734	60644	89759
38825	79644	94429	2340	10167
42260	58275	66870	10817	72793
86073	1687	93243	7852	66290
14385	45157	11096	67604	62880
68126	36338	88917	82548	60023
46349	78156	71969	53052	92885
68783	11191	89585	51124	35419
21108	82727	12153	52568	88392
56590	72710	24471	76206	44656
58326	2155	60778	33531	15942
3797	60088	51634	97839	8577
35678	74313	51908	30140	38628
46624	92876	35879	4526	41290
73883	17156	83726	54094	86582
18728	91289	41113	73144	26971
81865	45092	53417	89401	27903
58792	55211	41804	67767	92839
50994	24625	35928	20871	54965
47213	39533	12041	96673	92621
98607	99976	16275	89520	66654
99996	73335	68770	83457	90004
22148	20732	15701	7136	13906
59501	27601	97246	86081	84916
35012	27031	80597	50330	64333
48313	91653	23940	27081	6549
77797	93937	79081	20611	20461
27004	45356	21656	33055	38905
74388	45653	955	89460	80204
7344	98799	69955	80886	1031
87360	77921	48250	42251	73016
85773	31810	65471	59014	28377
8003	5357	65278	67701	88109
75240	86816	30584	66321	86391
22752	89279	3800	4369	71051
4455	5933	50686	62912	89260
57980	74289	91039	82650	98961
46746	14921	9741	67237	74535
62918	82665	44412	54808	31885
53593	48848	33970	80928	75212
71173	88614	90378	73758	37224
43167	63109	69068	34787	2990
84943	45537	73832	38939	22786
72331	69192	9107	22759	4896
74891	25374	16236	11345	99331
53575	34913	71924	51328	52613
88511	13290	73587	43628	33703
64003	90791	18375	99962	67028
20415	90161	97596	13976	37705
53622	82584	85729	19523	55240
94871	81836	61663	83921	15468
64443	73679	27908	66880	28182
37946	2959	11803	63497	9903
81847	4073	74383	56927	33968
67745	69451	36930	66690	44161
86843	42508	79099	97838	28878
9764	89143	22189	67291	8427
47695	1036	63230	54807	95383
68247	34411	57418	42922	92450
4357	45360	90	33487	25433
30642	16323	4562	58421	33653
34790	12890	61007	9290	41190
40124	12347	87910	87060	52070
13931	5940	14963	75713	46327
13326	43914	29955	322	42758
95586	83992	44845	19911	63433
92667	14527	84668	94121	52581
14078	47061	56339	37152	7130
12533	78849	87523	53828	81911
34223	11596	65318	20708	71775
45097	81738	76627	61143	72983
37481	43435	79253	17286	77553
95970	65330	75651	22964	72024
6842	28649	52749	41114	32524
75195	41214	69537	55276	12063
39457	36310	99700	11174	2622
20747	83765	80286	60153	61750
84146	54308	91927	45054	75980
38128	38713	2338	14047	73567
30992	56554	13291	64639	7214
46577	59132	22756	64859	91108
12374	68030	48175	28597	36134
32580	19820	80569	80848	89676
81490	33921	23926	84162	78562
47455	60498	8367	5590	6395
84546	395	50959	55606	8750
58003	46462	95391	86347	51277
46330	35961	22143	86152	55495
56554	62488	15948	32073	37415
87964	49459	66371	26205	30992
91265	97640	87013	12314	33477
80653	71971	52968	60332	70365
34056	19290	14759	53780	56823
30316	63128	30198	9207	27127
10440	75732	70318	53845	80864
65921	89347	62447	55064	59367
82657	39670	69041	26287	4493
52919	55601	11787	30133	75216
15171	77868	41080	21766	69311
44440	15352	26600	18003	20617
9594	2699	74605	86329	53391
91547	41441	55817	42662	93558
60854	50228	4655	45167	29260
16738	16534	6582	87633	41642
1735	13059	34586	2186	31659
24509	18340	72366	32415	64640
12401	49708	7328	39550	2628
12533	45706	93678	88397	81318
84991	65413	81915	998	49337
86848	48155	11719	27611	16455
53653	84931	28707	88978	20208
79914	35656	63586	79060	67436
25777	56240	47943	10697	99959
82684	42408	75384	3044	37635
10184	20551	40075	71306	21895
95582	55644	32462	29379	74692
4396	70169	82862	5893	77840
824	60073	5217	13853	20088
83636	86602	38830	80696	23040
81668	14679	98045	57390	96855
2447	35067	37927	29565	96616
1995	67048	87187	22443	38793
67972	42717	99263	91260	98721
89542	50245	17548	31440	66436
30099	57462	46516	84556	2295
34263	96414	15154	17685	34861
1599	66896	51724	83960	85092
66349	7246	65517	62753	70634
11971	51411	86072	10710	61832
75258	89939	7059	97296	16309
47712	68756	7557	12157	39912
52111	95482	12090	91027	98997
81229	74953	26501	8514	10195
70297	31784	5913	79972	65491
25402	35006	57561	42278	92648
4750	65683	76199	83075	31793
23555	25372	31645	55677	49301
58476	23059	33811	27859	73597
67570	23767	99540	40196	38788
34030	97877	94707	78084	92761
93377	92742	3542	41385	13057
74833	35629	49796	8560	89981
86559	52595	89600	31063	45936
70449	77321	2955	90034	52946
4582	63186	24403	74554	56004
38461	1985	24149	5218	45240
88477	68335	86113	5401	55069
46917	28787	12402	59093	26444
9345	4390	48295	15847	19017
99325	16848	15504	65503	54454
60443	50436	36915	56177	355
45636	67473	5357	90450	27253
63102	39856	85163	81404	1052
51010	69336	54905	30216	3553
51175	23861	34078	55506	39140
7474	16514	7444	99289	90175
41043	15679	45098	68136	98803
1106	26084	19837	12782	15010
8912	52394	38639	41305	71667
75779	92964	2156	12949	12141
6250	69625	15694	79909	53233
59115	27307	25444	77563	54328
34906	34552	65979	49670	32341
81706	77929	12617	19029	40491
97244	65831	99947	41570	17467
16380	36683	82076	13448	79735
18676	53346	32436	73054	82006
29411	8123	93266	30623	31028
98931	89660	89098	54859	71377
65930	79899	5055	48652	74814
38861	65933	53150	37055	65387
35807	92303	73766	13356	10950
4679	28058	74794	90546	71835
81020	72094	51568	88071	40531
98813	89258	88739	1576	35387
60582	97866	14146	5898	50549
3429	90376	10610	10818	43462
20287	59734	55741	68126	30091
88157	78068	40086	3946	21623
57290	641	28052	44773	70069
50711	951	28233	23516	94148
98792	25225	2734	26774	103
22961	11386	63664	68443	19578
84035	84092	50169	12767	41054
17849	78789	2424	66474	41550
96701	20849	62162	48668	7834
81897	31887	18686	18633	67530
25319	40066	459	86351	18035
57617	22627	1784	30933	66504
59029	29452	43617	17471	88503
23756	86093	65918	38641	73096
58168	22663	17028	5461	40319
19306	29525	33721	45799	23089
49056	14053	85869	41593	38154
97178	54922	81415	14230	77257
67276	98960	20435	51770	28094
32481	54489	61795	16200	25257
88950	50638	33654	70895	7426
18605	87092	58110	81790	2668
3861	80594	12865	57257	12515
88335	31727	45789	81799	93897
22431	97194	4256	7837	82913
20408	24176	44319	59962	72313
87112	71625	51438	67246	45253
97491	25341	12709	51514	75513
46457	13217	25398	35758	33988
95273	7938	94262	26944	80810
16191	34920	20606	33179	29157
78524	53035	78396	37533	91713
23441	73692	25746	86950	76677
42683	82164	68084	15748	87487
76128	3550	95956	54935	8269
22845	47938	43651	72314	61264
1118	44414	42609	84874	80800
82175	82317	9127	89455	23497
25230	98435	30654	21990	66732
46571	97561	65287	84740	64372
34723	91333	22370	64773	79743
67900	51007	93869	19807	33268
61199	6815	85140	96352	15825
17208	64329	13306	43061	81065
74700	7679	308	70069	92956
43673	2338	34211	17221	85133
88998	49038	50226	90860	87562
67027	10820	81718	2898	57481
89181	97597	12386	71799	7482
20284	27138	3855	79414	89392
33988	15126	94415	5936	71502
8725	58050	10019	88535	60311
9750	95023	35755	76309	57170
5017	64723	76591	5327	94445
60268	53235	55510	43570	51177
94848	42697	83249	3714	57455
64959	41132	23742	95257	91349
16861	56829	7238	86609	33291
29066	21889	61889	45217	21585
64139	17356	36664	5305	33619
15955	90615	81791	3292	72034
52859	16778	7493	20660	51615
74454	29969	97193	2645	57063
30008	99190	93088	68797	8431
956	78064	38223	70982	5740
87633	77926	48653	51832	32631
85730	29086	37807	87587	4140
8324	72429	9570	53108	4683
44935	89396	37658	54158	66656
87772	34244	58313	47977	31169
68531	83531	99811	34748	88902
36137	76288	89559	29411	83529
21496	73995	97677	64125	79270
31831	54680	11289	38144	70742
23345	48949	60599	3078	85709
95165	73347	74371	10500	9316
13516	39515	11560	76644	19407
34205	3754	52173	13692	15800
46098	36909	55319	95722	25615
39945	18496	62001	66476	27630
29595	7292	5795	43418	82946
4882	35110	25828	60591	82592
30804	24572	95287	84479	81430
63755	78337	3166	43197	47739
1845	31837	82633	10508	38804
77296	4916	62813	17000	82703
74712	32228	52556	98502	20379
26179	21895	27035	70442	86991
51213	16995	67531	59659	3744
24841	91559	70769	66723	65388
76996	2683	38662	48997	72594
83058	95174	51867	51601	64621
1401	27811	10678	10268	53158
12140	92746	15386	76214	40811
88494	73154	20252	93356	38896
3166	55720	20109	7770	36441
68520	91786	51380	8303	11104
1742	8974	2221	31021	11980
23798	48463	88083	14561	38748
99014	37025	63823	59651	87969
77370	53444	71322	55353	38611
66295	84649	34195	32948	4933
38886	8885	18461	34805	69859
52550	2110	391	26410	92556
10738	23567	27288	30154	68487
28248	24652	41331	24164	97362
88077	43317	64687	55466	72373
18704	72378	70452	18211	81530
1136	29641	72199	53290	66491
22836	7182	609	10393	17145
23608	92647	73446	20609	36165
52842	81088	97641	4207	79302
93848	75289	50809	19856	72180
32814	32221	88487	70423	38014
92474	59583	59255	46478	77816
22280	39293	65746	15148	85446
88742	95968	8094	54966	80981
25427	19042	60188	86207	17309
15197	74084	1407	84365	77761
99859	27330	16663	71725	30586
8834	29188	43932	51952	81065
57868	38224	77506	76636	55110
69265	6026	41816	76860	43441
78242	26723	51680	37421	63599
76421	72340	87897	13704	18616
47271	85481	64596	58582	30011
15043	87957	98527	52775	43048
90057	73676	99603	34077	97918
97277	12995	90678	82427	63062
71979	85695	81032	77709	26555
85091	40882	60617	30879	33775
2425	29668	46158	96635	39598
63013	32898	67495	43326	54412
45439	7693	14486	67873	18019
70267	45856	12382	32004	99973
89105	39190	62608	42866	97544
34227	60329	1544	34245	40257
75789	16355	15844	61009	73209
92082	90026	61520	69352	57577
81618	24371	30835	16974	3752
50206	66246	51482	8236	36270
47438	95540	53141	77645	59967
64656	43281	84134	50941	43684
59617	548	83840	43403	84583
7240	54094	61689	43282	77290
61706	5117	21295	39046	64548
10893	7414	66447	90552	84316
92777	74129	47697	79226	2593
37034	6870	76545	95523	91757
61732	6031	3220	90670	72783
4958	76231	93760	29637	31026
17708	4564	31314	73819	76220
38183	64883	45631	15365	24628
60277	99649	88164	14235	69350
36728	65419	19416	1696	50995
17267	91121	57310	42016	74757
79291	9349	65045	92298	49239
17371	64293	77771	40035	54020
46296	92137	78050	19200	92491
38875	77094	67165	55577	81197
6516	98833	23190	16525	94918
15756	14565	59279	30235	25793
44849	37955	42992	54574	85863
10108	72533	76343	60720	86591
58528	34832	32969	95349	9849
5668	42613	11762	72750	5072
4821	55120	69711	86622	42549
79977	7015	43748	72234	21445
48470	55130	47512	8536	66386
70142	8229	70104	33192	41599
38864	38700	2897	64312	18216
46167	52886	33388	5574	33357
18480	6728	89286	89348	12493
48912	15142	68638	11327	1510
4403	10410	57802	52417	88770
27283	78104	23124	64967	87611
85326	30159	26254	34277	77766
10635	68350	77449	79595	53057
89841	23877	14312	32010	36652
40028	70666	31053	87722	58986
39316	15926	31850	34352	50233
53487	68468	24496	8217	27566
80745	51663	91302	42727	24125
15480	89554	56058	65548	13000
51866	75770	18654	72224	23208
45323	15898	31845	30197	97913
39729	13677	76400	23766	13139
28436	87528	11488	17894	17947
85093	61246	84628	61851	16940
96487	36531	44405	45227	88096
17657	24720	43157	74943	40202
14573	54561	32343	99978	46339
40032	54964	38532	45887	40001
39623	76677	51508	24743	64924
85355	32665	66132	52216	51118
24475	96416	97228	68526	56781
59724	32071	37175	90635	86307
16312	65041	87777	2645	61682
28008	10304	20109	67274	31771
51090	19243	96564	33824	91798
45185	57689	74959	73853	43851
74334	74355	6596	18723	98724
74915	89331	78166	68466	38887
5767	74393	8890	49070	27024
94579	53824	77507	12996	4406
14957	20965	30570	21044	39162
35788	84684	90215	74152	37903
90969	84893	6299	68432	59572
29562	17650	44768	84308	13190
15585	59999	75181	7260	39817
92792	30839	86618	6827	21398
1960	98668	90312	4030	49402
40669	59709	1234	66581	37733
93985	9150	35530	92584	22963
21074	77899	63546	2369	65743
78864	95459	92334	60944	42223
65047	76720	74151	40690	67354
7424	63777	2227	37082	49603
28825	76702	71810	89410	44299
10112	7684	90466	35459	58676
92477	1337	28310	91813	75308
46376	19182	37267	42696	98049
81289	57479	540	56038	58057
88623	46313	88885	62993	75399
36716	58878	40660	70120	51954
20679	47926	25890	53359	62667
71326	45500	12727	56686	27542
83439	53770	87886	3780	89101
56164	65506	28008	24442	47390
14125	89205	31993	74306	74138
32485	80117	61442	6232	60159
58148	59130	61595	74394	1693
52548	50992	36873	85332	56373
48667	40386	81514	44337	65285
57839	50728	78296	89921	41385
546	30434	6888	36804	21690
49699	92208	44394	67965	23350
13950	87082	32945	49294	32899
26759	32597	59827	32454	84793
20908	16530	81202	8568	15926
34444	63473	10555	52672	55768
32740	75151	15429	68106	52533
90649	72783	49380	45472	21331
41295	65382	18748	30423	41191
48096	96012	46139	59333	23842
86851	27345	99985	55168	41852
39170	20314	31922	4555	56590
90049	29732	28067	20704	97558
16645	20903	55561	6661	1710
35388	21216	88530	52044	29564
90203	77497	40856	93683	16524
44183	67415	3371	49019	51485
78905	54134	43701	35645	75114
76788	29391	81204	45356	94698
9771	23172	60710	53457	99614
55182	594	85125	12928	37335
73457	48631	32946	57239	57726
2270	61476	18821	16592	3681
59515	39159	53671	72638	11774
37486	73547	28079	32886	62031
2772	23754	62712	94320	41087
7961	42204	17226	96891	12220
61541	11650	94143	12557	84098
47609	77881	50629	75890	72708
42786	89372	70537	91142	76960
15459	50699	25094	9567	37351
38761	41180	5223	8835	64139
96907	39405	1438	70526	63753
45381	25210	64030	4667	58193
28824	45779	28093	12908	17568
19379	26824	71036	8278	22348
58291	16746	25725	98884	90491
50998	3025	36060	68008	26945
73897	38915	36435	3164	29704
88772	64330	71864	14614	55058
42796	58755	15453	92540	57401
88679	98693	33059	83677	86657
58986	20522	66111	12076	39237
78825	84823	6989	4280	14095
64829	57251	6264	13328	75137
33696	69245	63418	79397	37527
60126	50591	11293	92257	39893
49400	67292	8806	31127	47521
79164	96481	88015	21855	14288
74877	96821	20497	67211	41437
39127	51238	23347	67202	99631
3362	58500	78999	18779	21824
70615	80891	85529	88400	49381
17114	8872	53499	31742	80360
53754	17329	72744	10757	14031
54407	38517	77475	69084	90433
24662	67927	98711	12238	32876
1805	81880	89985	40145	19636
734	88547	51564	25504	38666
95396	32673	45493	10810	24466
85127	58969	38478	36436	52122
2030	68061	68569	55939	85740
6942	57209	69118	21773	6327
11426	28121	50548	49196	34830
90821	44851	35405	12186	28787
98511	18200	85744	64257	85747
8409	30623	70262	49516	16387
25271	29597	89135	19154	95969
76240	22776	52230	43026	1845
35029	66640	46038	5143	42419
39230	74583	26013	31147	29928
8443	39481	39745	52985	16534
13269	27137	26082	76510	9568
39607	28028	86304	30548	53588
90637	26641	6877	45449	38355
63343	24796	53401	10823	77964
77218	71030	26578	81453	17430
73611	6696	64740	35156	62971
18992	93749	78677	39830	19992
18489	37172	20765	26369	43354
19665	54975	36015	5212	8983
97150	11447	72757	27261	88332
38148	31199	51787	88811	77374
27395	82730	56895	79563	32842
96691	44252	47627	282	45556
86641	12610	29326	72088	53057
61278	41582	92979	46677	67963
81858	40550	25151	44854	1910
16490	58166	52015	46379	23617
27903	90863	54281	96740	37811
24501	81237	51862	35453	17423
79985	96345	71556	14322	79996
1220	98492	87008	56510	42385
82547	12943	4283	27521	10242
99026	14441	87672	93994	1885
3050	66199	71065	17828	26843
32783	8531	30609	37995	8434
39209	20143	27485	16524	55060
42585	95833	89270	65370	13037
95421	53321	24400	30040	59633
93098	81694	15974	44698	81875
96244	11508	39765	8606	5839
47260	95347	13666	90523	49347
69103	99132	11398	68631	7147
94391	30343	53346	90523	26943
6832	7376	32308	12567	20240
98990	59707	76988	32311	98809
99603	90186	7136	74696	59242
32269	25714	87550	48062	64008
77465	77947	54991	10765	53387
78161	78773	73031	30137	97064
75592	7571	58021	15418	78899
92996	27403	98188	75898	48173
81127	83275	99896	92106	31372
50636	45281	73739	43495	40899
7224	18733	65412	93796	58589
29877	63841	85555	43448	6693
81839	95173	85980	11989	93066
71263	94472	32894	81966	13063
47894	34402	66595	16596	92338
71697	42642	84101	1196	15678
35737	28616	91085	44585	79619
54271	28190	38857	75310	36109
7574	14044	81471	41736	80854
7797	32350	81295	90336	15604
19282	9312	85951	85201	64546
49735	38729	97158	51211	55869
67689	2198	80008	90675	73826
76748	46863	72927	15291	47066
38741	32283	47092	14255	47042
79448	12181	8031	42456	62025
64093	1822	64786	1838	26324
67307	82675	82782	2921	16634
16752	34851	33900	61772	16588
30869	42132	78787	25659	88074
80297	94755	66453	64146	76163
88846	38670	51087	11652	88612
30214	51614	49062	34237	93054
69727	95410	10754	70575	8018
76747	14269	14430	35008	56069
52277	83215	28178	45817	37151
86596	70275	93231	15799	32283
13867	86948	53671	46931	51447
81784	82717	15310	82794	27879
26200	77205	20332	74371	10073
57957	69420	19107	30958	42477
36427	15955	74684	37913	59284
50661	70106	77774	18730	63753
77681	96258	25790	89687	94882
46888	50984	73136	38634	44490
43566	80898	3547	84644	21061
51385	85487	70834	66709	32432
3480	71851	970	67241	17843
97806	65501	52563	84844	76679
93944	16965	79764	21049	75688
94275	68966	45836	56713	18566
73257	95846	46276	41449	18960
89105	99710	28957	68607	6090
31142	20205	94562	41674	45446
78636	647	2892	58600	22569
11504	59670	85003	84335	25550
15593	65019	45355	19690	41145
46154	92143	41903	5301	85606
22354	22717	11721	4501	14637
43243	47090	91683	38506	50993
62981	17184	80336	23353	48954
17419	69728	63942	31225	85533
24251	91528	15724	11333	97951
5919	7676	40383	23202	13195
44188	95388	59629	36212	64198
96225	7290	5692	43273	46391
92748	81273	34708	13497	22681
60377	95499	19563	67685	61305
92085	12619	2228	30941	93327
14321	59031	68941	89064	49682
37472	38038	1216	11480	55345
42558	87959	34347	88757	893
7373	38818	81505	69096	18962
29351	25578	24274	46035	33572
3993	91501	70276	44330	72310
84382	58602	73000	23421	3073
37894	40268	6753	33245	22381
16237	48076	73038	6712	27200
63202	8867	93310	3777	68406
89243	18222	5310	53358	80290
59900	54175	99393	44659	82990
64111	91575	19135	52348	66414
19777	99358	84002	568	29129
84724	64284	78524	67783	1765
81327	90235	66367	57484	91167
63980	1117	29259	17126	25475
39319	99170	91744	5005	50332
30340	27361	54236	21608	90631
29865	8726	45596	99929	80942
63753	95544	72179	53251	88656
17377	4266	81921	27898	29254
10551	77051	27135	51859	24209
67654	84737	33223	57815	87851
3287	1462	9073	89540	46168
4231	74001	15613	29985	78445
16408	95336	23164	38640	46758
94014	79604	63935	63255	62101
27799	15527	77888	15170	89051
27546	43869	36020	74430	96310
7108	48610	51181	23259	45285
83228	2022	81470	24661	50355
46945	89139	67779	9585	76819
4920	99877	87243	48415	12541
12335	47109	39423	60357	62972
34972	31787	43965	12735	20096
93572	66084	72377	79873	16646
12972	82745	14499	84060	3529
39025	40897	10833	61333	11563
98722	57802	41727	56946	91114
11110	12690	32658	63481	74819
30089	62594	53469	20947	24963
51574	40313	2684	16212	57945
77334	83650	32922	122	77425
44469	86989	77632	59203	8845
40622	79218	97917	45296	72015
28832	11949	22858	27705	85448
34276	41546	33843	62221	33310
52878	44393	92215	81808	50225
91992	23075	32883	85155	50067
76343	49875	68623	5310	75386
95251	96236	82286	11725	21336
